    0.00000000000E+00    0.21306666667E+00    0.00000000000E+00    0.00000000000E+00    0.46933667084E+01
    0.10000000000E+00    0.21220869692E+00    0.75966445432E-02    0.18956464302E-03    0.47123422109E+01
    0.20000000000E+00    0.21138865419E+00    0.15170245700E-01    0.75577932718E-03    0.47306228608E+01
    0.30000000000E+00    0.21060538007E+00    0.22721809138E-01    0.16951726040E-02    0.47482167818E+01
    0.40000000000E+00    0.20985779046E+00    0.30252295490E-01    0.30045903413E-02    0.47651316531E+01
    0.50000000000E+00    0.20914487059E+00    0.37762622750E-01    0.46811808779E-02    0.47813747340E+01
    0.60000000000E+00    0.20846567050E+00    0.45253668483E-01    0.67223813022E-02    0.47969528873E+01
    0.70000000000E+00    0.20781930092E+00    0.52726271890E-01    0.91259047591E-02    0.48118726008E+01
    0.80000000000E+00    0.20720492948E+00    0.60181235715E-01    0.11889728699E-01    0.48261400079E+01
    0.90000000000E+00    0.20662177728E+00    0.67619328022E-01    0.15012083993E-01    0.48397609060E+01
    0.10000000000E+01    0.20606911568E+00    0.75041283849E-01    0.18491444835E-01    0.48527407744E+01
    0.11000000000E+01    0.20554626343E+00    0.82447806744E-01    0.22326519384E-01    0.48650847907E+01
    0.12000000000E+01    0.20505258398E+00    0.89839570204E-01    0.26516241075E-01    0.48767978465E+01
    0.13000000000E+01    0.20458748306E+00    0.97217219008E-01    0.31059760545E-01    0.48878845618E+01
    0.14000000000E+01    0.20415040640E+00    0.10458137046E+00    0.35956438138E-01    0.48983492986E+01
    0.15000000000E+01    0.20374083769E+00    0.11193261558E+00    0.41205836942E-01    0.49081961737E+01
    0.16000000000E+01    0.20335829669E+00    0.11927152014E+00    0.46807716305E-01    0.49174290712E+01
    0.17000000000E+01    0.20300233744E+00    0.12659862574E+00    0.52762025816E-01    0.49260516534E+01
    0.18000000000E+01    0.20267254673E+00    0.13391445071E+00    0.59068899705E-01    0.49340673720E+01
    0.19000000000E+01    0.20236854255E+00    0.14121949104E+00    0.65728651625E-01    0.49414794780E+01
    0.20000000000E+01    0.20208997280E+00    0.14851422116E+00    0.72741769810E-01    0.49482910316E+01
    0.21000000000E+01    0.20183651402E+00    0.15579909478E+00    0.80108912561E-01    0.49545049112E+01
    0.22000000000E+01    0.20160787026E+00    0.16307454556E+00    0.87830904050E-01    0.49601238220E+01
    0.23000000000E+01    0.20140377203E+00    0.17034098782E+00    0.95908730420E-01    0.49651503043E+01
    0.24000000000E+01    0.20122397536E+00    0.17759881718E+00    0.10434353615E+00    0.49695867414E+01
    0.25000000000E+01    0.20106826091E+00    0.18484841114E+00    0.11313662069E+00    0.49734353671E+01
    0.26000000000E+01    0.20093643320E+00    0.19209012963E+00    0.12228943531E+00    0.49766982726E+01
    0.27000000000E+01    0.20082831989E+00    0.19932431556E+00    0.13180358020E+00    0.49793774133E+01
    0.28000000000E+01    0.20074377111E+00    0.20655129529E+00    0.14168080173E+00    0.49814746155E+01
    0.29000000000E+01    0.20068265889E+00    0.21377137906E+00    0.15192298999E+00    0.49829915825E+01
    0.30000000000E+01    0.20064487663E+00    0.22098486145E+00    0.16253217641E+00    0.49839299005E+01
    0.31000000000E+01    0.20063033862E+00    0.22819202176E+00    0.17351053163E+00    0.49842910443E+01
    0.32000000000E+01    0.20063897967E+00    0.23539312436E+00    0.18486036347E+00    0.49840763827E+01
    0.33000000000E+01    0.20067075468E+00    0.24258841905E+00    0.19658411510E+00    0.49832871840E+01
    0.34000000000E+01    0.20072563840E+00    0.24977814137E+00    0.20868436331E+00    0.49819246210E+01
    0.35000000000E+01    0.20080362512E+00    0.25696251289E+00    0.22116381692E+00    0.49799897756E+01
    0.36000000000E+01    0.20090472848E+00    0.26414174146E+00    0.23402531534E+00    0.49774836440E+01
    0.37000000000E+01    0.20102898127E+00    0.27131602151E+00    0.24727182719E+00    0.49744071411E+01
    0.38000000000E+01    0.20117643535E+00    0.27848553422E+00    0.26090644908E+00    0.49707611047E+01
    0.39000000000E+01    0.20134716150E+00    0.28565044775E+00    0.27493240443E+00    0.49665463002E+01
    0.40000000000E+01    0.20154124944E+00    0.29281091742E+00    0.28935304246E+00    0.49617634244E+01
    0.41000000000E+01    0.20175880779E+00    0.29996708591E+00    0.30417183719E+00    0.49564131100E+01
    0.42000000000E+01    0.20199996410E+00    0.30711908335E+00    0.31939238653E+00    0.49504959294E+01
    0.43000000000E+01    0.20226486494E+00    0.31426702753E+00    0.33501841151E+00    0.49440123984E+01
    0.44000000000E+01    0.20255367602E+00    0.32141102394E+00    0.35105375549E+00    0.49369629802E+01
    0.45000000000E+01    0.20286658233E+00    0.32855116591E+00    0.36750238347E+00    0.49293480893E+01
    0.46000000000E+01    0.20320378835E+00    0.33568753473E+00    0.38436838147E+00    0.49211680949E+01
    0.47000000000E+01    0.20356551826E+00    0.34282019962E+00    0.40165595592E+00    0.49124233247E+01
    0.48000000000E+01    0.20395201623E+00    0.34994921789E+00    0.41936943312E+00    0.49031140681E+01
    0.49000000000E+01    0.20436354673E+00    0.35707463490E+00    0.43751325873E+00    0.48932405804E+01
    0.50000000000E+01    0.20480039486E+00    0.36419648413E+00    0.45609199732E+00    0.48828030858E+01
    0.51000000000E+01    0.20526286680E+00    0.37131478717E+00    0.47511033187E+00    0.48718017808E+01
    0.52000000000E+01    0.20575129019E+00    0.37842955370E+00    0.49457306341E+00    0.48602368379E+01
    0.53000000000E+01    0.20626601462E+00    0.38554078150E+00    0.51448511055E+00    0.48481084090E+01
    0.54000000000E+01    0.20680741222E+00    0.39264845639E+00    0.53485150912E+00    0.48354166289E+01
    0.55000000000E+01    0.20737587812E+00    0.39975255218E+00    0.55567741174E+00    0.48221616181E+01
    0.56000000000E+01    0.20797183118E+00    0.40685303063E+00    0.57696808746E+00    0.48083434872E+01
    0.57000000000E+01    0.20859571460E+00    0.41394984133E+00    0.59872892133E+00    0.47939623396E+01
    0.58000000000E+01    0.20924799664E+00    0.42104292164E+00    0.62096541400E+00    0.47790182752E+01
    0.59000000000E+01    0.20992917143E+00    0.42813219656E+00    0.64368318125E+00    0.47635113939E+01
    0.60000000000E+01    0.21063975976E+00    0.43521757861E+00    0.66688795355E+00    0.47474417989E+01
    0.61000000000E+01    0.21138031001E+00    0.44229896770E+00    0.69058557556E+00    0.47308096007E+01
    0.62000000000E+01    0.21215139907E+00    0.44937625095E+00    0.71478200555E+00    0.47136149203E+01
    0.63000000000E+01    0.21295363335E+00    0.45644930255E+00    0.73948331484E+00    0.46958578929E+01
    0.64000000000E+01    0.21378764992E+00    0.46351798352E+00    0.76469568713E+00    0.46775386716E+01
    0.65000000000E+01    0.21465411756E+00    0.47058214155E+00    0.79042541775E+00    0.46586574316E+01
    0.66000000000E+01    0.21555373809E+00    0.47764161077E+00    0.81667891288E+00    0.46392143734E+01
    0.67000000000E+01    0.21648724762E+00    0.48469621148E+00    0.84346268868E+00    0.46192097271E+01
    0.68000000000E+01    0.21745541794E+00    0.49174574991E+00    0.87078337022E+00    0.45986437565E+01
    0.69000000000E+01    0.21845905800E+00    0.49879001794E+00    0.89864769044E+00    0.45775167629E+01
    0.70000000000E+01    0.21949901550E+00    0.50582879279E+00    0.92706248887E+00    0.45558290898E+01
    0.71000000000E+01    0.22057617852E+00    0.51286183671E+00    0.95603471029E+00    0.45335811270E+01
    0.72000000000E+01    0.22169147730E+00    0.51988889662E+00    0.98557140318E+00    0.45107733151E+01
    0.73000000000E+01    0.22284588614E+00    0.52690970375E+00    0.10156797180E+01    0.44874061501E+01
    0.74000000000E+01    0.22404042536E+00    0.53392397329E+00    0.10463669054E+01    0.44634801884E+01
    0.75000000000E+01    0.22527616343E+00    0.54093140391E+00    0.10776403139E+01    0.44389960518E+01
    0.76000000000E+01    0.22655421921E+00    0.54793167736E+00    0.11095073878E+01    0.44139544322E+01
    0.77000000000E+01    0.22787576435E+00    0.55492445800E+00    0.11419756646E+01    0.43883560977E+01
    0.78000000000E+01    0.22924202583E+00    0.56190939230E+00    0.11750527719E+01    0.43622018973E+01
    0.79000000000E+01    0.23065428859E+00    0.56888610834E+00    0.12087464245E+01    0.43354927675E+01
    0.80000000000E+01    0.23211389848E+00    0.57585421521E+00    0.12430644207E+01    0.43082297378E+01
    0.81000000000E+01    0.23362226521E+00    0.58281330245E+00    0.12780146388E+01    0.42804139371E+01
    0.82000000000E+01    0.23518086559E+00    0.58976293944E+00    0.13136050325E+01    0.42520466004E+01
    0.83000000000E+01    0.23679124698E+00    0.59670267470E+00    0.13498436264E+01    0.42231290757E+01
    0.84000000000E+01    0.23845503092E+00    0.60363203525E+00    0.13867385107E+01    0.41936628309E+01
    0.85000000000E+01    0.24017391693E+00    0.61055052583E+00    0.14242978360E+01    0.41636494620E+01
    0.86000000000E+01    0.24194968670E+00    0.61745762812E+00    0.14625298063E+01    0.41330907002E+01
    0.87000000000E+01    0.24378420839E+00    0.62435279994E+00    0.15014426731E+01    0.41019884209E+01
    0.88000000000E+01    0.24567944128E+00    0.63123547438E+00    0.15410447269E+01    0.40703446523E+01
    0.89000000000E+01    0.24763744072E+00    0.63810505884E+00    0.15813442897E+01    0.40381615844E+01
    0.90000000000E+01    0.24966036333E+00    0.64496093408E+00    0.16223497056E+01    0.40054415794E+01
    0.91000000000E+01    0.25175047257E+00    0.65180245321E+00    0.16640693309E+01    0.39721871812E+01
    0.92000000000E+01    0.25391014469E+00    0.65862894053E+00    0.17065115232E+01    0.39384011269E+01
    0.93000000000E+01    0.25614187501E+00    0.66543969046E+00    0.17496846293E+01    0.39040863582E+01
    0.94000000000E+01    0.25844828459E+00    0.67223396623E+00    0.17935969723E+01    0.38692460334E+01
    0.95000000000E+01    0.26083212736E+00    0.67901099866E+00    0.18382568369E+01    0.38338835408E+01
    0.96000000000E+01    0.26329629768E+00    0.68576998473E+00    0.18836724538E+01    0.37980025120E+01
    0.97000000000E+01    0.26584383837E+00    0.69251008617E+00    0.19298519823E+01    0.37616068370E+01
    0.98000000000E+01    0.26847794926E+00    0.69923042791E+00    0.19768034912E+01    0.37247006793E+01
    0.99000000000E+01    0.27120199623E+00    0.70593009643E+00    0.20245349379E+01    0.36872884930E+01
    0.10000000000E+02    0.27401952088E+00    0.71260813808E+00    0.20730541457E+01    0.36493750401E+01
    0.10100000000E+02    0.27693425072E+00    0.71926355722E+00    0.21223687786E+01    0.36109654093E+01
    0.10200000000E+02    0.27995011000E+00    0.72589531430E+00    0.21724863137E+01    0.35720650369E+01
    0.10300000000E+02    0.28307123125E+00    0.73250232381E+00    0.22234140109E+01    0.35326797273E+01
    0.10400000000E+02    0.28630196738E+00    0.73908345211E+00    0.22751588799E+01    0.34928156769E+01
    0.10500000000E+02    0.28964690462E+00    0.74563751513E+00    0.23277276434E+01    0.34524794985E+01
    0.10600000000E+02    0.29311087604E+00    0.75216327596E+00    0.23811266976E+01    0.34116782479E+01
    0.10700000000E+02    0.29669897596E+00    0.75865944225E+00    0.24353620677E+01    0.33704194521E+01
    0.10800000000E+02    0.30041657502E+00    0.76512466347E+00    0.24904393599E+01    0.33287111403E+01
    0.10900000000E+02    0.30426933605E+00    0.77155752809E+00    0.25463637082E+01    0.32865618764E+01
    0.11000000000E+02    0.30826323072E+00    0.77795656044E+00    0.26031397160E+01    0.32439807942E+01
    0.11100000000E+02    0.31240455691E+00    0.78432021757E+00    0.26607713919E+01    0.32009776358E+01
    0.11200000000E+02    0.31669995681E+00    0.79064688579E+00    0.27192620794E+01    0.31575627925E+01
    0.11300000000E+02    0.32115643566E+00    0.79693487712E+00    0.27786143787E+01    0.31137473485E+01
    0.11400000000E+02    0.32578138112E+00    0.80318242545E+00    0.28388300618E+01    0.30695431290E+01
    0.11500000000E+02    0.33058258306E+00    0.80938768263E+00    0.28999099781E+01    0.30249627513E+01
    0.11600000000E+02    0.33556825368E+00    0.81554871422E+00    0.29618539510E+01    0.29800196801E+01
    0.11700000000E+02    0.34074704779E+00    0.82166349513E+00    0.30246606640E+01    0.29347282874E+01
    0.11800000000E+02    0.34612808286E+00    0.82772990503E+00    0.30883275353E+01    0.28891039171E+01
    0.11900000000E+02    0.35172095867E+00    0.83374572358E+00    0.31528505799E+01    0.28431629545E+01
    0.12000000000E+02    0.35753577600E+00    0.83970862542E+00    0.32182242575E+01    0.27969229015E+01
    0.12100000000E+02    0.36358315386E+00    0.84561617505E+00    0.32844413057E+01    0.27504024578E+01
    0.12200000000E+02    0.36987424459E+00    0.85146582155E+00    0.33514925561E+01    0.27036216082E+01
    0.12300000000E+02    0.37642074598E+00    0.85725489313E+00    0.34193667324E+01    0.26566017167E+01
    0.12400000000E+02    0.38323490938E+00    0.86298059169E+00    0.34880502288E+01    0.26093656280E+01
    0.12500000000E+02    0.39032954249E+00    0.86863998726E+00    0.35575268669E+01    0.25619377760E+01
    0.12600000000E+02    0.39771800534E+00    0.87423001260E+00    0.36277776288E+01    0.25143443007E+01
    0.12700000000E+02    0.40541419756E+00    0.87974745784E+00    0.36987803659E+01    0.24666131724E+01
    0.12800000000E+02    0.41343253461E+00    0.88518896548E+00    0.37705094807E+01    0.24187743254E+01
    0.12900000000E+02    0.42178791035E+00    0.89055102573E+00    0.38429355796E+01    0.23708597982E+01
    0.13000000000E+02    0.43049564269E+00    0.89582997247E+00    0.39160250970E+01    0.23229038830E+01
    0.13100000000E+02    0.43957139848E+00    0.90102198004E+00    0.39897398874E+01    0.22749432821E+01
    0.13200000000E+02    0.44903109329E+00    0.90612306109E+00    0.40640367867E+01    0.22270172710E+01
    0.13300000000E+02    0.45889076073E+00    0.91112906589E+00    0.41388671417E+01    0.21791678665E+01
    0.13400000000E+02    0.46916638563E+00    0.91603568344E+00    0.42141763091E+01    0.21314399979E+01
    0.13500000000E+02    0.47987369425E+00    0.92083844490E+00    0.42899031267E+01    0.20838816796E+01
    0.13600000000E+02    0.49102789429E+00    0.92553272981E+00    0.43659793604E+01    0.20365441793E+01
    0.13700000000E+02    0.50264335797E+00    0.93011377647E+00    0.44423291432E+01    0.19894821729E+01
    0.13800000000E+02    0.51473327309E+00    0.93457670853E+00    0.45188686150E+01    0.19427537567E+01
    0.13900000000E+02    0.52730926064E+00    0.93891657558E+00    0.45955057588E+01    0.18964203261E+01
    0.14000000000E+02    0.54038080041E+00    0.94312835600E+00    0.46721395241E+01    0.18505468722E+01
    0.14100000000E+02    0.55395443733E+00    0.94720693509E+00    0.47486583382E+01    0.18052026171E+01
    0.14200000000E+02    0.56803283163E+00    0.95114709497E+00    0.48249385907E+01    0.17604616218E+01
    0.14300000000E+02    0.58261372290E+00    0.95494353951E+00    0.49008435512E+01    0.17164030999E+01
    0.14400000000E+02    0.59768887500E+00    0.95859096358E+00    0.49762230089E+01    0.16731112822E+01
    0.14500000000E+02    0.61324305802E+00    0.96208416403E+00    0.50509137400E+01    0.16306747984E+01
    0.14600000000E+02    0.62925310631E+00    0.96541818100E+00    0.51247407389E+01    0.15891856392E+01
    0.14700000000E+02    0.64568683648E+00    0.96858840936E+00    0.51975179947E+01    0.15487384030E+01
    0.14800000000E+02    0.66250179158E+00    0.97159068003E+00    0.52690487521E+01    0.15094298804E+01
    0.14900000000E+02    0.67964748409E+00    0.97442190120E+00    0.53391397183E+01    0.14713509921E+01
    0.15000000000E+02    0.69706163710E+00    0.97707956107E+00    0.54075889670E+01    0.14345933656E+01
    0.15100000000E+02    0.71467120267E+00    0.97956207888E+00    0.54741939652E+01    0.13992448503E+01
    0.15200000000E+02    0.73239265681E+00    0.98186891655E+00    0.55387548044E+01    0.13653878022E+01
    0.15300000000E+02    0.75013280881E+00    0.98400067559E+00    0.56010778345E+01    0.13330972706E+01
    0.15400000000E+02    0.76779018672E+00    0.98595917208E+00    0.56609796051E+01    0.13024391524E+01
    0.15500000000E+02    0.78525702408E+00    0.98774748303E+00    0.57182909808E+01    0.12734683923E+01
    0.15600000000E+02    0.80242182292E+00    0.98936995767E+00    0.57728612568E+01    0.12462273226E+01
    0.15700000000E+02    0.81917240881E+00    0.99083218907E+00    0.58245620735E+01    0.12207442405E+01
    0.15800000000E+02    0.83539933198E+00    0.99214094344E+00    0.58732909089E+01    0.11970323194E+01
    0.15900000000E+02    0.85099941385E+00    0.99330404742E+00    0.59189739351E+01    0.11750889410E+01
    0.16000000000E+02    0.86587919998E+00    0.99433023669E+00    0.59615680451E+01    0.11548955097E+01
    0.16100000000E+02    0.87995806821E+00    0.99522897237E+00    0.60010619014E+01    0.11364177864E+01
    0.16200000000E+02    0.89317075868E+00    0.99601023428E+00    0.60374759253E+01    0.11196067384E+01
    0.16300000000E+02    0.90546914040E+00    0.99668430210E+00    0.60708612125E+01    0.11043998690E+01
    0.16400000000E+02    0.91682310096E+00    0.99726153608E+00    0.61012974450E+01    0.10907229529E+01
    0.16500000000E+02    0.92722053054E+00    0.99775216863E+00    0.61288899327E+01    0.10784920815E+01
    0.16600000000E+02    0.93666645596E+00    0.99816611679E+00    0.61537659764E+01    0.10676158985E+01
    0.16700000000E+02    0.94518145234E+00    0.99851282310E+00    0.61760707731E+01    0.10579979088E+01
    0.16800000000E+02    0.95279950963E+00    0.99880112974E+00    0.61959631003E+01    0.10495387434E+01
    0.16900000000E+02    0.95956555562E+00    0.99903918793E+00    0.62136109998E+01    0.10421382824E+01
    0.17000000000E+02    0.96553283549E+00    0.99923440187E+00    0.62291876560E+01    0.10356975581E+01
    0.17100000000E+02    0.97076032597E+00    0.99939340459E+00    0.62428676237E+01    0.10301203842E+01
    0.17200000000E+02    0.97531032691E+00    0.99952206123E+00    0.62548235140E+01    0.10253146844E+01
    0.17300000000E+02    0.97924633099E+00    0.99962549471E+00    0.62652232031E+01    0.10211935121E+01
    0.17400000000E+02    0.98263123100E+00    0.99970812836E+00    0.62742275872E+01    0.10176757755E+01
    0.17500000000E+02    0.98552588696E+00    0.99977374016E+00    0.62819888743E+01    0.10146866898E+01
    0.17600000000E+02    0.98798804663E+00    0.99982552413E+00    0.62886493768E+01    0.10121579946E+01
    0.17700000000E+02    0.99007159152E+00    0.99986615455E+00    0.62943407547E+01    0.10100279703E+01
    0.17800000000E+02    0.99182606805E+00    0.99989785024E+00    0.62991836450E+01    0.10082412957E+01
    0.17900000000E+02    0.99329645713E+00    0.99992243621E+00    0.63032876153E+01    0.10067487836E+01
    0.18000000000E+02    0.99452313442E+00    0.99994140122E+00    0.63067513746E+01    0.10055070268E+01
    0.18100000000E+02    0.99554197638E+00    0.99995595026E+00    0.63096631832E+01    0.10044779866E+01
    0.18200000000E+02    0.99638457171E+00    0.99996705127E+00    0.63121014076E+01    0.10036285470E+01
    0.18300000000E+02    0.99707850389E+00    0.99997547619E+00    0.63141351736E+01    0.10029300563E+01
    0.18400000000E+02    0.99764767676E+00    0.99998183636E+00    0.63158250794E+01    0.10023578697E+01
    0.18500000000E+02    0.99811266067E+00    0.99998661267E+00    0.63172239358E+01    0.10018909081E+01
    0.18600000000E+02    0.99849104255E+00    0.99999018092E+00    0.63183775095E+01    0.10015112378E+01
    0.18700000000E+02    0.99879776718E+00    0.99999283291E+00    0.63193252504E+01    0.10012036799E+01
    0.18800000000E+02    0.99904546152E+00    0.99999479382E+00    0.63201009872E+01    0.10009554505E+01
    0.18900000000E+02    0.99924473617E+00    0.99999623633E+00    0.63207335831E+01    0.10007558347E+01
    0.19000000000E+02    0.99940446120E+00    0.99999729210E+00    0.63212475456E+01    0.10005958937E+01
    0.19100000000E+02    0.99953201470E+00    0.99999806090E+00    0.63216635840E+01    0.10004682044E+01
    0.19200000000E+02    0.99963350435E+00    0.99999861792E+00    0.63219991177E+01    0.10003666300E+01
    0.19300000000E+02    0.99971396254E+00    0.99999901945E+00    0.63222687314E+01    0.10002861193E+01
    0.19400000000E+02    0.99977751696E+00    0.99999930745E+00    0.63224845818E+01    0.10002225325E+01
    0.19500000000E+02    0.99982753821E+00    0.99999951298E+00    0.63226567568E+01    0.10001724915E+01
    0.19600000000E+02    0.99986676671E+00    0.99999965893E+00    0.63227935909E+01    0.10001332510E+01
    0.19700000000E+02    0.99989742101E+00    0.99999976204E+00    0.63229019405E+01    0.10001025895E+01
    0.19800000000E+02    0.99992128963E+00    0.99999983452E+00    0.63229874213E+01    0.10000787166E+01
    0.19900000000E+02    0.99993980839E+00    0.99999988523E+00    0.63230546133E+01    0.10000601952E+01
    0.20000000000E+02    0.99995412523E+00    0.99999992051E+00    0.63231072364E+01    0.10000458769E+01
    0.20100000000E+02    0.99996515421E+00    0.99999994495E+00    0.63231482987E+01    0.10000348470E+01
    0.20200000000E+02    0.99997362019E+00    0.99999996179E+00    0.63231802228E+01    0.10000263805E+01
    0.20300000000E+02    0.99998009572E+00    0.99999997334E+00    0.63232049516E+01    0.10000199047E+01
    0.20400000000E+02    0.99998503119E+00    0.99999998121E+00    0.63232240368E+01    0.10000149690E+01
    0.20500000000E+02    0.99998877953E+00    0.99999998656E+00    0.63232387124E+01    0.10000112206E+01
    0.20600000000E+02    0.99999161618E+00    0.99999999017E+00    0.63232499561E+01    0.10000083839E+01
    0.20700000000E+02    0.99999375529E+00    0.99999999260E+00    0.63232585388E+01    0.10000062448E+01
    0.20800000000E+02    0.99999536266E+00    0.99999999422E+00    0.63232650664E+01    0.10000046374E+01
    0.20900000000E+02    0.99999656619E+00    0.99999999530E+00    0.63232700127E+01    0.10000034338E+01
    0.21000000000E+02    0.99999746415E+00    0.99999999601E+00    0.63232737472E+01    0.10000025359E+01
    0.21100000000E+02    0.99999813175E+00    0.99999999649E+00    0.63232765564E+01    0.10000018682E+01
    0.21200000000E+02    0.99999862633E+00    0.99999999679E+00    0.63232786619E+01    0.10000013737E+01
    0.21300000000E+02    0.99999899144E+00    0.99999999700E+00    0.63232802341E+01    0.10000010086E+01
    0.21400000000E+02    0.99999926000E+00    0.99999999713E+00    0.63232814039E+01    0.10000007400E+01
    0.21500000000E+02    0.99999945686E+00    0.99999999721E+00    0.63232822711E+01    0.10000005431E+01
    0.21600000000E+02    0.99999960064E+00    0.99999999727E+00    0.63232829115E+01    0.10000003994E+01
    0.21700000000E+02    0.99999970528E+00    0.99999999730E+00    0.63232833828E+01    0.10000002947E+01
    0.21800000000E+02    0.99999978118E+00    0.99999999732E+00    0.63232837284E+01    0.10000002188E+01
    0.21900000000E+02    0.99999983602E+00    0.99999999734E+00    0.63232839809E+01    0.10000001640E+01
    0.22000000000E+02    0.99999987551E+00    0.99999999734E+00    0.63232841646E+01    0.10000001245E+01
    0.22100000000E+02    0.99999990385E+00    0.99999999735E+00    0.63232842979E+01    0.10000000961E+01
    0.22200000000E+02    0.99999992411E+00    0.99999999735E+00    0.63232843942E+01    0.10000000759E+01
    0.22300000000E+02    0.99999993855E+00    0.99999999736E+00    0.63232844635E+01    0.10000000615E+01
    0.22400000000E+02    0.99999994880E+00    0.99999999736E+00    0.63232845132E+01    0.10000000512E+01
    0.22500000000E+02    0.99999995605E+00    0.99999999736E+00    0.63232845487E+01    0.10000000440E+01
    0.22600000000E+02    0.99999996116E+00    0.99999999736E+00    0.63232845741E+01    0.10000000388E+01
    0.22700000000E+02    0.99999996475E+00    0.99999999736E+00    0.63232845920E+01    0.10000000352E+01
    0.22800000000E+02    0.99999996726E+00    0.99999999736E+00    0.63232846047E+01    0.10000000327E+01
    0.22900000000E+02    0.99999996902E+00    0.99999999736E+00    0.63232846136E+01    0.10000000310E+01
    0.23000000000E+02    0.99999997024E+00    0.99999999736E+00    0.63232846199E+01    0.10000000298E+01
    0.23100000000E+02    0.99999997108E+00    0.99999999736E+00    0.63232846243E+01    0.10000000289E+01
    0.23200000000E+02    0.99999997166E+00    0.99999999736E+00    0.63232846274E+01    0.10000000283E+01
    0.23300000000E+02    0.99999997206E+00    0.99999999736E+00    0.63232846295E+01    0.10000000279E+01
    0.23400000000E+02    0.99999997234E+00    0.99999999736E+00    0.63232846310E+01    0.10000000277E+01
    0.23500000000E+02    0.99999997252E+00    0.99999999736E+00    0.63232846320E+01    0.10000000275E+01
    0.23600000000E+02    0.99999997265E+00    0.99999999736E+00    0.63232846327E+01    0.10000000273E+01
    0.23700000000E+02    0.99999997274E+00    0.99999999736E+00    0.63232846331E+01    0.10000000273E+01
    0.23800000000E+02    0.99999997280E+00    0.99999999736E+00    0.63232846335E+01    0.10000000272E+01
    0.23900000000E+02    0.99999997284E+00    0.99999999736E+00    0.63232846337E+01    0.10000000272E+01
    0.24000000000E+02    0.99999997286E+00    0.99999999736E+00    0.63232846338E+01    0.10000000271E+01
    0.24100000000E+02    0.99999997288E+00    0.99999999736E+00    0.63232846339E+01    0.10000000271E+01
    0.24200000000E+02    0.99999997289E+00    0.99999999736E+00    0.63232846340E+01    0.10000000271E+01
    0.24300000000E+02    0.99999997290E+00    0.99999999736E+00    0.63232846340E+01    0.10000000271E+01
    0.24400000000E+02    0.99999997290E+00    0.99999999736E+00    0.63232846341E+01    0.10000000271E+01
    0.24500000000E+02    0.99999997291E+00    0.99999999736E+00    0.63232846341E+01    0.10000000271E+01
    0.24600000000E+02    0.99999997291E+00    0.99999999736E+00    0.63232846341E+01    0.10000000271E+01
    0.24700000000E+02    0.99999997291E+00    0.99999999736E+00    0.63232846341E+01    0.10000000271E+01
    0.24800000000E+02    0.99999997291E+00    0.99999999736E+00    0.63232846341E+01    0.10000000271E+01
    0.24900000000E+02    0.99999997291E+00    0.99999999736E+00    0.63232846341E+01    0.10000000271E+01
    0.25000000000E+02    0.99999997291E+00    0.99999999736E+00    0.63232846341E+01    0.10000000271E+01
    0.25100000000E+02    0.99999997291E+00    0.99999999736E+00    0.63232846341E+01    0.10000000271E+01
    0.25200000000E+02    0.99999997291E+00    0.99999999736E+00    0.63232846341E+01    0.10000000271E+01
    0.25300000000E+02    0.99999997291E+00    0.99999999736E+00    0.63232846341E+01    0.10000000271E+01
    0.25400000000E+02    0.99999997291E+00    0.99999999736E+00    0.63232846341E+01    0.10000000271E+01
    0.25500000000E+02    0.99999997291E+00    0.99999999736E+00    0.63232846341E+01    0.10000000271E+01
    0.25600000000E+02    0.99999997291E+00    0.99999999736E+00    0.63232846341E+01    0.10000000271E+01
    0.25700000000E+02    0.99999997291E+00    0.99999999736E+00    0.63232846341E+01    0.10000000271E+01
    0.25800000000E+02    0.99999997291E+00    0.99999999736E+00    0.63232846341E+01    0.10000000271E+01
    0.25900000000E+02    0.99999997291E+00    0.99999999736E+00    0.63232846341E+01    0.10000000271E+01
    0.26000000000E+02    0.99999997291E+00    0.99999999736E+00    0.63232846341E+01    0.10000000271E+01
    0.26100000000E+02    0.99999997291E+00    0.99999999736E+00    0.63232846341E+01    0.10000000271E+01
    0.26200000000E+02    0.99999997291E+00    0.99999999736E+00    0.63232846341E+01    0.10000000271E+01
    0.26300000000E+02    0.99999997291E+00    0.99999999736E+00    0.63232846341E+01    0.10000000271E+01
    0.26400000000E+02    0.99999997291E+00    0.99999999736E+00    0.63232846341E+01    0.10000000271E+01
    0.26500000000E+02    0.99999997291E+00    0.99999999736E+00    0.63232846341E+01    0.10000000271E+01
    0.26600000000E+02    0.99999997291E+00    0.99999999736E+00    0.63232846341E+01    0.10000000271E+01
    0.26700000000E+02    0.99999997291E+00    0.99999999736E+00    0.63232846341E+01    0.10000000271E+01
    0.26800000000E+02    0.99999997291E+00    0.99999999736E+00    0.63232846341E+01    0.10000000271E+01
    0.26900000000E+02    0.99999997291E+00    0.99999999736E+00    0.63232846341E+01    0.10000000271E+01
    0.27000000000E+02    0.99999997291E+00    0.99999999736E+00    0.63232846341E+01    0.10000000271E+01
    0.27100000000E+02    0.99999997291E+00    0.99999999736E+00    0.63232846341E+01    0.10000000271E+01
    0.27200000000E+02    0.99999997291E+00    0.99999999736E+00    0.63232846341E+01    0.10000000271E+01
    0.27300000000E+02    0.99999997291E+00    0.99999999736E+00    0.63232846341E+01    0.10000000271E+01
    0.27400000000E+02    0.99999997291E+00    0.99999999736E+00    0.63232846341E+01    0.10000000271E+01
    0.27500000000E+02    0.99999997291E+00    0.99999999736E+00    0.63232846341E+01    0.10000000271E+01
    0.27600000000E+02    0.99999997291E+00    0.99999999736E+00    0.63232846341E+01    0.10000000271E+01
    0.27700000000E+02    0.99999997291E+00    0.99999999736E+00    0.63232846341E+01    0.10000000271E+01
    0.27800000000E+02    0.99999997291E+00    0.99999999736E+00    0.63232846341E+01    0.10000000271E+01
    0.27900000000E+02    0.99999997291E+00    0.99999999736E+00    0.63232846341E+01    0.10000000271E+01
    0.28000000000E+02    0.99999997291E+00    0.99999999736E+00    0.63232846341E+01    0.10000000271E+01
    0.28100000000E+02    0.99999997291E+00    0.99999999736E+00    0.63232846341E+01    0.10000000271E+01
    0.28200000000E+02    0.99999997291E+00    0.99999999736E+00    0.63232846341E+01    0.10000000271E+01
    0.28300000000E+02    0.99999997291E+00    0.99999999736E+00    0.63232846341E+01    0.10000000271E+01
    0.28400000000E+02    0.99999997291E+00    0.99999999736E+00    0.63232846341E+01    0.10000000271E+01
    0.28500000000E+02    0.99999997291E+00    0.99999999736E+00    0.63232846341E+01    0.10000000271E+01
    0.28600000000E+02    0.99999997291E+00    0.99999999736E+00    0.63232846341E+01    0.10000000271E+01
    0.28700000000E+02    0.99999997291E+00    0.99999999736E+00    0.63232846341E+01    0.10000000271E+01
    0.28800000000E+02    0.99999997291E+00    0.99999999736E+00    0.63232846341E+01    0.10000000271E+01
    0.28900000000E+02    0.99999997291E+00    0.99999999736E+00    0.63232846341E+01    0.10000000271E+01
    0.29000000000E+02    0.99999997291E+00    0.99999999736E+00    0.63232846341E+01    0.10000000271E+01
    0.29100000000E+02    0.99999997291E+00    0.99999999736E+00    0.63232846341E+01    0.10000000271E+01
    0.29200000000E+02    0.99999997291E+00    0.99999999736E+00    0.63232846341E+01    0.10000000271E+01
    0.29300000000E+02    0.99999997291E+00    0.99999999736E+00    0.63232846341E+01    0.10000000271E+01
    0.29400000000E+02    0.99999997291E+00    0.99999999736E+00    0.63232846341E+01    0.10000000271E+01
    0.29500000000E+02    0.99999997291E+00    0.99999999736E+00    0.63232846341E+01    0.10000000271E+01
    0.29600000000E+02    0.99999997291E+00    0.99999999736E+00    0.63232846341E+01    0.10000000271E+01
    0.29700000000E+02    0.99999997291E+00    0.99999999736E+00    0.63232846341E+01    0.10000000271E+01
    0.29800000000E+02    0.99999997291E+00    0.99999999736E+00    0.63232846341E+01    0.10000000271E+01
    0.29900000000E+02    0.99999997291E+00    0.99999999736E+00    0.63232846341E+01    0.10000000271E+01
    0.30000000000E+02    0.99999997291E+00    0.99999999736E+00    0.63232846341E+01    0.10000000271E+01
    0.30100000000E+02    0.99999997291E+00    0.99999999736E+00    0.63232846341E+01    0.10000000271E+01
    0.30200000000E+02    0.99999997291E+00    0.99999999736E+00    0.63232846341E+01    0.10000000271E+01
    0.30300000000E+02    0.99999997291E+00    0.99999999736E+00    0.63232846341E+01    0.10000000271E+01
    0.30400000000E+02    0.99999997291E+00    0.99999999736E+00    0.63232846341E+01    0.10000000271E+01
    0.30500000000E+02    0.99999997291E+00    0.99999999736E+00    0.63232846341E+01    0.10000000271E+01
    0.30600000000E+02    0.99999997291E+00    0.99999999736E+00    0.63232846341E+01    0.10000000271E+01
    0.30700000000E+02    0.99999997291E+00    0.99999999736E+00    0.63232846341E+01    0.10000000271E+01
    0.30800000000E+02    0.99999997291E+00    0.99999999736E+00    0.63232846341E+01    0.10000000271E+01
    0.30900000000E+02    0.99999997291E+00    0.99999999736E+00    0.63232846341E+01    0.10000000271E+01
    0.31000000000E+02    0.99999997291E+00    0.99999999736E+00    0.63232846341E+01    0.10000000271E+01
    0.31100000000E+02    0.99999997291E+00    0.99999999736E+00    0.63232846341E+01    0.10000000271E+01
    0.31200000000E+02    0.99999997291E+00    0.99999999736E+00    0.63232846341E+01    0.10000000271E+01
    0.31300000000E+02    0.99999997291E+00    0.99999999736E+00    0.63232846341E+01    0.10000000271E+01
    0.31400000000E+02    0.99999997291E+00    0.99999999736E+00    0.63232846341E+01    0.10000000271E+01
    0.31500000000E+02    0.99999997291E+00    0.99999999736E+00    0.63232846341E+01    0.10000000271E+01
    0.31600000000E+02    0.99999997291E+00    0.99999999736E+00    0.63232846341E+01    0.10000000271E+01
    0.31700000000E+02    0.99999997291E+00    0.99999999736E+00    0.63232846341E+01    0.10000000271E+01
    0.31800000000E+02    0.99999997291E+00    0.99999999736E+00    0.63232846341E+01    0.10000000271E+01
    0.31900000000E+02    0.99999997291E+00    0.99999999736E+00    0.63232846341E+01    0.10000000271E+01
    0.32000000000E+02    0.99999997291E+00    0.99999999736E+00    0.63232846341E+01    0.10000000271E+01
    0.32100000000E+02    0.99999997291E+00    0.99999999736E+00    0.63232846341E+01    0.10000000271E+01
    0.32200000000E+02    0.99999997291E+00    0.99999999736E+00    0.63232846341E+01    0.10000000271E+01
    0.32300000000E+02    0.99999997291E+00    0.99999999736E+00    0.63232846341E+01    0.10000000271E+01
    0.32400000000E+02    0.99999997291E+00    0.99999999736E+00    0.63232846341E+01    0.10000000271E+01
    0.32500000000E+02    0.99999997291E+00    0.99999999736E+00    0.63232846341E+01    0.10000000271E+01
    0.32600000000E+02    0.99999997291E+00    0.99999999736E+00    0.63232846341E+01    0.10000000271E+01
    0.32700000000E+02    0.99999997291E+00    0.99999999736E+00    0.63232846341E+01    0.10000000271E+01
    0.32800000000E+02    0.99999997291E+00    0.99999999736E+00    0.63232846341E+01    0.10000000271E+01
    0.32900000000E+02    0.99999997291E+00    0.99999999736E+00    0.63232846341E+01    0.10000000271E+01
    0.33000000000E+02    0.99999997291E+00    0.99999999736E+00    0.63232846341E+01    0.10000000271E+01
    0.33100000000E+02    0.99999997291E+00    0.99999999736E+00    0.63232846341E+01    0.10000000271E+01
    0.33200000000E+02    0.99999997291E+00    0.99999999736E+00    0.63232846341E+01    0.10000000271E+01
    0.33300000000E+02    0.99999997291E+00    0.99999999736E+00    0.63232846341E+01    0.10000000271E+01
    0.33400000000E+02    0.99999997291E+00    0.99999999736E+00    0.63232846341E+01    0.10000000271E+01
    0.33500000000E+02    0.99999997291E+00    0.99999999736E+00    0.63232846341E+01    0.10000000271E+01
    0.33600000000E+02    0.99999997291E+00    0.99999999736E+00    0.63232846341E+01    0.10000000271E+01
    0.33700000000E+02    0.99999997291E+00    0.99999999736E+00    0.63232846341E+01    0.10000000271E+01
    0.33800000000E+02    0.99999997291E+00    0.99999999736E+00    0.63232846341E+01    0.10000000271E+01
    0.33900000000E+02    0.99999997291E+00    0.99999999736E+00    0.63232846341E+01    0.10000000271E+01
    0.34000000000E+02    0.99999997291E+00    0.99999999736E+00    0.63232846341E+01    0.10000000271E+01
    0.34100000000E+02    0.99999997291E+00    0.99999999736E+00    0.63232846341E+01    0.10000000271E+01
    0.34200000000E+02    0.99999997291E+00    0.99999999736E+00    0.63232846341E+01    0.10000000271E+01
    0.34300000000E+02    0.99999997291E+00    0.99999999736E+00    0.63232846341E+01    0.10000000271E+01
    0.34400000000E+02    0.99999997291E+00    0.99999999736E+00    0.63232846341E+01    0.10000000271E+01
    0.34500000000E+02    0.99999997291E+00    0.99999999736E+00    0.63232846341E+01    0.10000000271E+01
    0.34600000000E+02    0.99999997291E+00    0.99999999736E+00    0.63232846341E+01    0.10000000271E+01
    0.34700000000E+02    0.99999997291E+00    0.99999999736E+00    0.63232846341E+01    0.10000000271E+01
    0.34800000000E+02    0.99999997291E+00    0.99999999736E+00    0.63232846341E+01    0.10000000271E+01
    0.34900000000E+02    0.99999997291E+00    0.99999999736E+00    0.63232846341E+01    0.10000000271E+01
    0.35000000000E+02    0.99999997291E+00    0.99999999736E+00    0.63232846341E+01    0.10000000271E+01
    0.35100000000E+02    0.99999997291E+00    0.99999999736E+00    0.63232846341E+01    0.10000000271E+01
    0.35200000000E+02    0.99999997291E+00    0.99999999736E+00    0.63232846341E+01    0.10000000271E+01
    0.35300000000E+02    0.99999997291E+00    0.99999999736E+00    0.63232846341E+01    0.10000000271E+01
    0.35400000000E+02    0.99999997291E+00    0.99999999736E+00    0.63232846341E+01    0.10000000271E+01
    0.35500000000E+02    0.99999997291E+00    0.99999999736E+00    0.63232846341E+01    0.10000000271E+01
    0.35600000000E+02    0.99999997291E+00    0.99999999736E+00    0.63232846341E+01    0.10000000271E+01
    0.35700000000E+02    0.99999997291E+00    0.99999999736E+00    0.63232846341E+01    0.10000000271E+01
    0.35800000000E+02    0.99999997291E+00    0.99999999736E+00    0.63232846341E+01    0.10000000271E+01
    0.35900000000E+02    0.99999997291E+00    0.99999999736E+00    0.63232846341E+01    0.10000000271E+01
    0.36000000000E+02    0.99999997291E+00    0.99999999736E+00    0.63232846341E+01    0.10000000271E+01
    0.36100000000E+02    0.99999997291E+00    0.99999999736E+00    0.63232846341E+01    0.10000000271E+01
    0.36200000000E+02    0.99999997291E+00    0.99999999736E+00    0.63232846341E+01    0.10000000271E+01
    0.36300000000E+02    0.99999997291E+00    0.99999999736E+00    0.63232846341E+01    0.10000000271E+01
    0.36400000000E+02    0.99999997291E+00    0.99999999736E+00    0.63232846341E+01    0.10000000271E+01
    0.36500000000E+02    0.99999997291E+00    0.99999999736E+00    0.63232846341E+01    0.10000000271E+01
    0.36600000000E+02    0.99999997291E+00    0.99999999736E+00    0.63232846341E+01    0.10000000271E+01
    0.36700000000E+02    0.99999997291E+00    0.99999999736E+00    0.63232846341E+01    0.10000000271E+01
    0.36800000000E+02    0.99999997291E+00    0.99999999736E+00    0.63232846341E+01    0.10000000271E+01
    0.36900000000E+02    0.99999997291E+00    0.99999999736E+00    0.63232846341E+01    0.10000000271E+01
    0.37000000000E+02    0.99999997291E+00    0.99999999736E+00    0.63232846341E+01    0.10000000271E+01
    0.37100000000E+02    0.99999997291E+00    0.99999999736E+00    0.63232846341E+01    0.10000000271E+01
    0.37200000000E+02    0.99999997291E+00    0.99999999736E+00    0.63232846341E+01    0.10000000271E+01
    0.37300000000E+02    0.99999997291E+00    0.99999999736E+00    0.63232846341E+01    0.10000000271E+01
    0.37400000000E+02    0.99999997291E+00    0.99999999736E+00    0.63232846341E+01    0.10000000271E+01
    0.37500000000E+02    0.99999997291E+00    0.99999999736E+00    0.63232846341E+01    0.10000000271E+01
    0.37600000000E+02    0.99999997291E+00    0.99999999736E+00    0.63232846341E+01    0.10000000271E+01
    0.37700000000E+02    0.99999997291E+00    0.99999999736E+00    0.63232846341E+01    0.10000000271E+01
    0.37800000000E+02    0.99999997291E+00    0.99999999736E+00    0.63232846341E+01    0.10000000271E+01
    0.37900000000E+02    0.99999997291E+00    0.99999999736E+00    0.63232846341E+01    0.10000000271E+01
    0.38000000000E+02    0.99999997291E+00    0.99999999736E+00    0.63232846341E+01    0.10000000271E+01
    0.38100000000E+02    0.99999997291E+00    0.99999999736E+00    0.63232846341E+01    0.10000000271E+01
    0.38200000000E+02    0.99999997291E+00    0.99999999736E+00    0.63232846341E+01    0.10000000271E+01
    0.38300000000E+02    0.99999997291E+00    0.99999999736E+00    0.63232846341E+01    0.10000000271E+01
    0.38400000000E+02    0.99999997291E+00    0.99999999736E+00    0.63232846341E+01    0.10000000271E+01
    0.38500000000E+02    0.99999997291E+00    0.99999999736E+00    0.63232846341E+01    0.10000000271E+01
    0.38600000000E+02    0.99999997291E+00    0.99999999736E+00    0.63232846341E+01    0.10000000271E+01
    0.38700000000E+02    0.99999997291E+00    0.99999999736E+00    0.63232846341E+01    0.10000000271E+01
    0.38800000000E+02    0.99999997291E+00    0.99999999736E+00    0.63232846341E+01    0.10000000271E+01
    0.38900000000E+02    0.99999997291E+00    0.99999999736E+00    0.63232846341E+01    0.10000000271E+01
    0.39000000000E+02    0.99999997291E+00    0.99999999736E+00    0.63232846341E+01    0.10000000271E+01
    0.39100000000E+02    0.99999997291E+00    0.99999999736E+00    0.63232846341E+01    0.10000000271E+01
    0.39200000000E+02    0.99999997291E+00    0.99999999736E+00    0.63232846341E+01    0.10000000271E+01
    0.39300000000E+02    0.99999997291E+00    0.99999999736E+00    0.63232846341E+01    0.10000000271E+01
    0.39400000000E+02    0.99999997291E+00    0.99999999736E+00    0.63232846341E+01    0.10000000271E+01
    0.39500000000E+02    0.99999997291E+00    0.99999999736E+00    0.63232846341E+01    0.10000000271E+01
    0.39600000000E+02    0.99999997291E+00    0.99999999736E+00    0.63232846341E+01    0.10000000271E+01
    0.39700000000E+02    0.99999997291E+00    0.99999999736E+00    0.63232846341E+01    0.10000000271E+01
    0.39800000000E+02    0.99999997291E+00    0.99999999736E+00    0.63232846341E+01    0.10000000271E+01
    0.39900000000E+02    0.99999997291E+00    0.99999999736E+00    0.63232846341E+01    0.10000000271E+01
    0.40000000000E+02    0.99999997291E+00    0.99999999736E+00    0.63232846341E+01    0.10000000271E+01
    0.40100000000E+02    0.99999997291E+00    0.99999999736E+00    0.63232846341E+01    0.10000000271E+01
    0.40200000000E+02    0.99999997291E+00    0.99999999736E+00    0.63232846341E+01    0.10000000271E+01
    0.40300000000E+02    0.99999997291E+00    0.99999999736E+00    0.63232846341E+01    0.10000000271E+01
    0.40400000000E+02    0.99999997291E+00    0.99999999736E+00    0.63232846341E+01    0.10000000271E+01
    0.40500000000E+02    0.99999997291E+00    0.99999999736E+00    0.63232846341E+01    0.10000000271E+01
    0.40600000000E+02    0.99999997291E+00    0.99999999736E+00    0.63232846341E+01    0.10000000271E+01
    0.40700000000E+02    0.99999997291E+00    0.99999999736E+00    0.63232846341E+01    0.10000000271E+01
    0.40800000000E+02    0.99999997291E+00    0.99999999736E+00    0.63232846341E+01    0.10000000271E+01
    0.40900000000E+02    0.99999997291E+00    0.99999999736E+00    0.63232846341E+01    0.10000000271E+01
    0.41000000000E+02    0.99999997291E+00    0.99999999736E+00    0.63232846341E+01    0.10000000271E+01
    0.41100000000E+02    0.99999997291E+00    0.99999999736E+00    0.63232846341E+01    0.10000000271E+01
    0.41200000000E+02    0.99999997291E+00    0.99999999736E+00    0.63232846341E+01    0.10000000271E+01
    0.41300000000E+02    0.99999997291E+00    0.99999999736E+00    0.63232846341E+01    0.10000000271E+01
    0.41400000000E+02    0.99999997291E+00    0.99999999736E+00    0.63232846341E+01    0.10000000271E+01
    0.41500000000E+02    0.99999997291E+00    0.99999999736E+00    0.63232846341E+01    0.10000000271E+01
    0.41600000000E+02    0.99999997291E+00    0.99999999736E+00    0.63232846341E+01    0.10000000271E+01
    0.41700000000E+02    0.99999997291E+00    0.99999999736E+00    0.63232846341E+01    0.10000000271E+01
    0.41800000000E+02    0.99999997291E+00    0.99999999736E+00    0.63232846341E+01    0.10000000271E+01
    0.41900000000E+02    0.99999997291E+00    0.99999999736E+00    0.63232846341E+01    0.10000000271E+01
    0.42000000000E+02    0.99999997291E+00    0.99999999736E+00    0.63232846341E+01    0.10000000271E+01
    0.42100000000E+02    0.99999997291E+00    0.99999999736E+00    0.63232846341E+01    0.10000000271E+01
    0.42200000000E+02    0.99999997291E+00    0.99999999736E+00    0.63232846341E+01    0.10000000271E+01
    0.42300000000E+02    0.99999997291E+00    0.99999999736E+00    0.63232846341E+01    0.10000000271E+01
    0.42400000000E+02    0.99999997291E+00    0.99999999736E+00    0.63232846341E+01    0.10000000271E+01
    0.42500000000E+02    0.99999997291E+00    0.99999999736E+00    0.63232846341E+01    0.10000000271E+01
    0.42600000000E+02    0.99999997291E+00    0.99999999736E+00    0.63232846341E+01    0.10000000271E+01
    0.42700000000E+02    0.99999997291E+00    0.99999999736E+00    0.63232846341E+01    0.10000000271E+01
    0.42800000000E+02    0.99999997291E+00    0.99999999736E+00    0.63232846341E+01    0.10000000271E+01
    0.42900000000E+02    0.99999997291E+00    0.99999999736E+00    0.63232846341E+01    0.10000000271E+01
    0.43000000000E+02    0.99999997291E+00    0.99999999736E+00    0.63232846341E+01    0.10000000271E+01
    0.43100000000E+02    0.99999997291E+00    0.99999999736E+00    0.63232846341E+01    0.10000000271E+01
    0.43200000000E+02    0.99999997291E+00    0.99999999736E+00    0.63232846341E+01    0.10000000271E+01
    0.43300000000E+02    0.99999997291E+00    0.99999999736E+00    0.63232846341E+01    0.10000000271E+01
    0.43400000000E+02    0.99999997291E+00    0.99999999736E+00    0.63232846341E+01    0.10000000271E+01
    0.43500000000E+02    0.99999997291E+00    0.99999999736E+00    0.63232846341E+01    0.10000000271E+01
    0.43600000000E+02    0.99999997291E+00    0.99999999736E+00    0.63232846341E+01    0.10000000271E+01
    0.43700000000E+02    0.99999997291E+00    0.99999999736E+00    0.63232846341E+01    0.10000000271E+01
    0.43800000000E+02    0.99999997291E+00    0.99999999736E+00    0.63232846341E+01    0.10000000271E+01
    0.43900000000E+02    0.99999997291E+00    0.99999999736E+00    0.63232846341E+01    0.10000000271E+01
    0.44000000000E+02    0.99999997291E+00    0.99999999736E+00    0.63232846341E+01    0.10000000271E+01
    0.44100000000E+02    0.99999997291E+00    0.99999999736E+00    0.63232846341E+01    0.10000000271E+01
    0.44200000000E+02    0.99999997291E+00    0.99999999736E+00    0.63232846341E+01    0.10000000271E+01
    0.44300000000E+02    0.99999997291E+00    0.99999999736E+00    0.63232846341E+01    0.10000000271E+01
    0.44400000000E+02    0.99999997291E+00    0.99999999736E+00    0.63232846341E+01    0.10000000271E+01
    0.44500000000E+02    0.99999997291E+00    0.99999999736E+00    0.63232846341E+01    0.10000000271E+01
    0.44600000000E+02    0.99999997291E+00    0.99999999736E+00    0.63232846341E+01    0.10000000271E+01
    0.44700000000E+02    0.99999997291E+00    0.99999999736E+00    0.63232846341E+01    0.10000000271E+01
    0.44800000000E+02    0.99999997291E+00    0.99999999736E+00    0.63232846341E+01    0.10000000271E+01
    0.44900000000E+02    0.99999997291E+00    0.99999999736E+00    0.63232846341E+01    0.10000000271E+01
    0.45000000000E+02    0.99999997291E+00    0.99999999736E+00    0.63232846341E+01    0.10000000271E+01
    0.45100000000E+02    0.99999997291E+00    0.99999999736E+00    0.63232846341E+01    0.10000000271E+01
    0.45200000000E+02    0.99999997291E+00    0.99999999736E+00    0.63232846341E+01    0.10000000271E+01
    0.45300000000E+02    0.99999997291E+00    0.99999999736E+00    0.63232846341E+01    0.10000000271E+01
    0.45400000000E+02    0.99999997291E+00    0.99999999736E+00    0.63232846341E+01    0.10000000271E+01
    0.45500000000E+02    0.99999997291E+00    0.99999999736E+00    0.63232846341E+01    0.10000000271E+01
    0.45600000000E+02    0.99999997291E+00    0.99999999736E+00    0.63232846341E+01    0.10000000271E+01
    0.45700000000E+02    0.99999997291E+00    0.99999999736E+00    0.63232846341E+01    0.10000000271E+01
    0.45800000000E+02    0.99999997291E+00    0.99999999736E+00    0.63232846341E+01    0.10000000271E+01
    0.45900000000E+02    0.99999997291E+00    0.99999999736E+00    0.63232846341E+01    0.10000000271E+01
    0.46000000000E+02    0.99999997291E+00    0.99999999736E+00    0.63232846341E+01    0.10000000271E+01
    0.46100000000E+02    0.99999997291E+00    0.99999999736E+00    0.63232846341E+01    0.10000000271E+01
    0.46200000000E+02    0.99999997291E+00    0.99999999736E+00    0.63232846341E+01    0.10000000271E+01
    0.46300000000E+02    0.99999997291E+00    0.99999999736E+00    0.63232846341E+01    0.10000000271E+01
    0.46400000000E+02    0.99999997291E+00    0.99999999736E+00    0.63232846341E+01    0.10000000271E+01
    0.46500000000E+02    0.99999997291E+00    0.99999999736E+00    0.63232846341E+01    0.10000000271E+01
    0.46600000000E+02    0.99999997291E+00    0.99999999736E+00    0.63232846341E+01    0.10000000271E+01
    0.46700000000E+02    0.99999997291E+00    0.99999999736E+00    0.63232846341E+01    0.10000000271E+01
    0.46800000000E+02    0.99999997291E+00    0.99999999736E+00    0.63232846341E+01    0.10000000271E+01
    0.46900000000E+02    0.99999997291E+00    0.99999999736E+00    0.63232846341E+01    0.10000000271E+01
    0.47000000000E+02    0.99999997291E+00    0.99999999736E+00    0.63232846341E+01    0.10000000271E+01
    0.47100000000E+02    0.99999997291E+00    0.99999999736E+00    0.63232846341E+01    0.10000000271E+01
    0.47200000000E+02    0.99999997291E+00    0.99999999736E+00    0.63232846341E+01    0.10000000271E+01
    0.47300000000E+02    0.99999997291E+00    0.99999999736E+00    0.63232846341E+01    0.10000000271E+01
    0.47400000000E+02    0.99999997291E+00    0.99999999736E+00    0.63232846341E+01    0.10000000271E+01
    0.47500000000E+02    0.99999997291E+00    0.99999999736E+00    0.63232846341E+01    0.10000000271E+01
    0.47600000000E+02    0.99999997291E+00    0.99999999736E+00    0.63232846341E+01    0.10000000271E+01
    0.47700000000E+02    0.99999997291E+00    0.99999999736E+00    0.63232846341E+01    0.10000000271E+01
    0.47800000000E+02    0.99999997291E+00    0.99999999736E+00    0.63232846341E+01    0.10000000271E+01
    0.47900000000E+02    0.99999997291E+00    0.99999999736E+00    0.63232846341E+01    0.10000000271E+01
    0.48000000000E+02    0.99999997291E+00    0.99999999736E+00    0.63232846341E+01    0.10000000271E+01
    0.48100000000E+02    0.99999997291E+00    0.99999999736E+00    0.63232846341E+01    0.10000000271E+01
    0.48200000000E+02    0.99999997291E+00    0.99999999736E+00    0.63232846341E+01    0.10000000271E+01
    0.48300000000E+02    0.99999997291E+00    0.99999999736E+00    0.63232846341E+01    0.10000000271E+01
    0.48400000000E+02    0.99999997291E+00    0.99999999736E+00    0.63232846341E+01    0.10000000271E+01
    0.48500000000E+02    0.99999997291E+00    0.99999999736E+00    0.63232846341E+01    0.10000000271E+01
    0.48600000000E+02    0.99999997291E+00    0.99999999736E+00    0.63232846341E+01    0.10000000271E+01
    0.48700000000E+02    0.99999997291E+00    0.99999999736E+00    0.63232846341E+01    0.10000000271E+01
    0.48800000000E+02    0.99999997291E+00    0.99999999736E+00    0.63232846341E+01    0.10000000271E+01
    0.48900000000E+02    0.99999997291E+00    0.99999999736E+00    0.63232846341E+01    0.10000000271E+01
    0.49000000000E+02    0.99999997291E+00    0.99999999736E+00    0.63232846341E+01    0.10000000271E+01
    0.49100000000E+02    0.99999997291E+00    0.99999999736E+00    0.63232846341E+01    0.10000000271E+01
    0.49200000000E+02    0.99999997291E+00    0.99999999736E+00    0.63232846341E+01    0.10000000271E+01
    0.49300000000E+02    0.99999997291E+00    0.99999999736E+00    0.63232846341E+01    0.10000000271E+01
    0.49400000000E+02    0.99999997291E+00    0.99999999736E+00    0.63232846341E+01    0.10000000271E+01
    0.49500000000E+02    0.99999997291E+00    0.99999999736E+00    0.63232846341E+01    0.10000000271E+01
    0.49600000000E+02    0.99999997291E+00    0.99999999736E+00    0.63232846341E+01    0.10000000271E+01
    0.49700000000E+02    0.99999997291E+00    0.99999999736E+00    0.63232846341E+01    0.10000000271E+01
    0.49800000000E+02    0.99999997291E+00    0.99999999736E+00    0.63232846341E+01    0.10000000271E+01
    0.49900000000E+02    0.99999997291E+00    0.99999999736E+00    0.63232846341E+01    0.10000000271E+01
    0.50000000000E+02    0.99999997291E+00    0.99999999736E+00    0.63232846341E+01    0.10000000271E+01
