    0.00000000000E+00    0.21306666667E+00    0.00000000000E+00    0.00000000000E+00    0.46933667084E+01
    0.10000000000E+00    0.21292066544E+00    0.76844835129E-02    0.19205272779E-03    0.46965849836E+01
    0.20000000000E+00    0.21279390507E+00    0.15365174997E-01    0.76782713817E-03    0.46993827180E+01
    0.30000000000E+00    0.21268628254E+00    0.23042584227E-01    0.17268821076E-02    0.47017606780E+01
    0.40000000000E+00    0.21259771056E+00    0.30717203326E-01    0.30689526471E-02    0.47037195150E+01
    0.50000000000E+00    0.21252811724E+00    0.38389507240E-01    0.47939460221E-02    0.47052597699E+01
    0.60000000000E+00    0.21247744576E+00    0.46059954178E-01    0.69019381266E-02    0.47063818770E+01
    0.70000000000E+00    0.21244565413E+00    0.53728986026E-01    0.93931700938E-02    0.47070861681E+01
    0.80000000000E+00    0.21243271487E+00    0.61397028733E-01    0.12268045133E-01    0.47073728761E+01
    0.90000000000E+00    0.21243861490E+00    0.69064492675E-01    0.15527125580E-01    0.47072421390E+01
    0.10000000000E+01    0.21246335525E+00    0.76731772986E-01    0.19171130144E-01    0.47066940030E+01
    0.11000000000E+01    0.21250695098E+00    0.84399249878E-01    0.23200931348E-01    0.47057284261E+01
    0.12000000000E+01    0.21256943106E+00    0.92067288923E-01    0.27617553146E-01    0.47043452815E+01
    0.13000000000E+01    0.21265083822E+00    0.99736241329E-01    0.32422168715E-01    0.47025443604E+01
    0.14000000000E+01    0.21275122892E+00    0.10740644419E+00    0.37616098396E-01    0.47003253756E+01
    0.15000000000E+01    0.21287067333E+00    0.11507822069E+00    0.43200807799E-01    0.46976879641E+01
    0.16000000000E+01    0.21300925525E+00    0.12275188035E+00    0.49177906045E-01    0.46946316901E+01
    0.17000000000E+01    0.21316707221E+00    0.13042771921E+00    0.55549144145E-01    0.46911560480E+01
    0.18000000000E+01    0.21334423541E+00    0.13810601996E+00    0.62316413506E-01    0.46872604647E+01
    0.19000000000E+01    0.21354086986E+00    0.14578705214E+00    0.69481744563E-01    0.46829443031E+01
    0.20000000000E+01    0.21375711445E+00    0.15347107228E+00    0.77047305520E-01    0.46782068638E+01
    0.21000000000E+01    0.21399312202E+00    0.16115832398E+00    0.85015401205E-01    0.46730473884E+01
    0.22000000000E+01    0.21424905956E+00    0.16884903805E+00    0.93388472021E-01    0.46674650617E+01
    0.23000000000E+01    0.21452510832E+00    0.17654343261E+00    0.10216909300E+00    0.46614590143E+01
    0.24000000000E+01    0.21482146405E+00    0.18424171311E+00    0.11135997296E+00    0.46550283252E+01
    0.25000000000E+01    0.21513833715E+00    0.19194407247E+00    0.12096395368E+00    0.46481720238E+01
    0.26000000000E+01    0.21547595299E+00    0.19965069103E+00    0.13098400930E+00    0.46408890928E+01
    0.27000000000E+01    0.21583455211E+00    0.20736173665E+00    0.14142324560E+00    0.46331784703E+01
    0.28000000000E+01    0.21621439055E+00    0.21507736473E+00    0.15228489953E+00    0.46250390525E+01
    0.29000000000E+01    0.21661574016E+00    0.22279771814E+00    0.16357233870E+00    0.46164696954E+01
    0.30000000000E+01    0.21703888896E+00    0.23052292727E+00    0.17528906095E+00    0.46074692180E+01
    0.31000000000E+01    0.21748414152E+00    0.23825310998E+00    0.18743869399E+00    0.45980364040E+01
    0.32000000000E+01    0.21795181936E+00    0.24598837157E+00    0.20002499509E+00    0.45881700045E+01
    0.33000000000E+01    0.21844226141E+00    0.25372880469E+00    0.21305185079E+00    0.45778687400E+01
    0.34000000000E+01    0.21895582448E+00    0.26147448932E+00    0.22652327670E+00    0.45671313033E+01
    0.35000000000E+01    0.21949288375E+00    0.26922549261E+00    0.24044341726E+00    0.45559563614E+01
    0.36000000000E+01    0.22005383334E+00    0.27698186887E+00    0.25481654561E+00    0.45443425584E+01
    0.37000000000E+01    0.22063908689E+00    0.28474365939E+00    0.26964706343E+00    0.45322885173E+01
    0.38000000000E+01    0.22124907816E+00    0.29251089232E+00    0.28493950082E+00    0.45197928430E+01
    0.39000000000E+01    0.22188426169E+00    0.30028358254E+00    0.30069851619E+00    0.45068541246E+01
    0.40000000000E+01    0.22254511353E+00    0.30806173148E+00    0.31692889617E+00    0.44934709379E+01
    0.41000000000E+01    0.22323213193E+00    0.31584532697E+00    0.33363555549E+00    0.44796418479E+01
    0.42000000000E+01    0.22394583819E+00    0.32363434302E+00    0.35082353691E+00    0.44653654119E+01
    0.43000000000E+01    0.22468677746E+00    0.33142873961E+00    0.36849801108E+00    0.44506401815E+01
    0.44000000000E+01    0.22545551962E+00    0.33922846248E+00    0.38666427640E+00    0.44354647058E+01
    0.45000000000E+01    0.22625266026E+00    0.34703344288E+00    0.40532775890E+00    0.44198375341E+01
    0.46000000000E+01    0.22707882163E+00    0.35484359729E+00    0.42449401203E+00    0.44037572189E+01
    0.47000000000E+01    0.22793465373E+00    0.36265882714E+00    0.44416871643E+00    0.43872223185E+01
    0.48000000000E+01    0.22882083541E+00    0.37047901855E+00    0.46435767964E+00    0.43702314006E+01
    0.49000000000E+01    0.22973807555E+00    0.37830404194E+00    0.48506683579E+00    0.43527830448E+01
    0.50000000000E+01    0.23068711433E+00    0.38613375175E+00    0.50630224518E+00    0.43348758465E+01
    0.51000000000E+01    0.23166872452E+00    0.39396798603E+00    0.52807009377E+00    0.43165084198E+01
    0.52000000000E+01    0.23268371293E+00    0.40180656608E+00    0.55037669265E+00    0.42976794010E+01
    0.53000000000E+01    0.23373292184E+00    0.40964929602E+00    0.57322847729E+00    0.42783874523E+01
    0.54000000000E+01    0.23481723061E+00    0.41749596238E+00    0.59663200682E+00    0.42586312657E+01
    0.55000000000E+01    0.23593755732E+00    0.42534633361E+00    0.62059396305E+00    0.42384095664E+01
    0.56000000000E+01    0.23709486053E+00    0.43320015962E+00    0.64512114940E+00    0.42177211171E+01
    0.57000000000E+01    0.23829014114E+00    0.44105717124E+00    0.67022048968E+00    0.41965647223E+01
    0.58000000000E+01    0.23952444440E+00    0.44891707969E+00    0.69589902664E+00    0.41749392323E+01
    0.59000000000E+01    0.24079886190E+00    0.45677957599E+00    0.72216392038E+00    0.41528435479E+01
    0.60000000000E+01    0.24211453389E+00    0.46464433038E+00    0.74902244650E+00    0.41302766254E+01
    0.61000000000E+01    0.24347265155E+00    0.47251099165E+00    0.77648199399E+00    0.41072374809E+01
    0.62000000000E+01    0.24487445947E+00    0.48037918647E+00    0.80455006290E+00    0.40837251961E+01
    0.63000000000E+01    0.24632125831E+00    0.48824851867E+00    0.83323426167E+00    0.40597389233E+01
    0.64000000000E+01    0.24781440756E+00    0.49611856850E+00    0.86254230415E+00    0.40352778915E+01
    0.65000000000E+01    0.24935532847E+00    0.50398889181E+00    0.89248200628E+00    0.40103414117E+01
    0.66000000000E+01    0.25094550722E+00    0.51185901923E+00    0.92306128231E+00    0.39849288838E+01
    0.67000000000E+01    0.25258649819E+00    0.51972845527E+00    0.95428814068E+00    0.39590398028E+01
    0.68000000000E+01    0.25427992749E+00    0.52759667740E+00    0.98617067936E+00    0.39326737657E+01
    0.69000000000E+01    0.25602749668E+00    0.53546313501E+00    0.10187170807E+01    0.39058304790E+01
    0.70000000000E+01    0.25783098672E+00    0.54332724844E+00    0.10519356057E+01    0.38785097661E+01
    0.71000000000E+01    0.25969226216E+00    0.55118840781E+00    0.10858345875E+01    0.38507115756E+01
    0.72000000000E+01    0.26161327560E+00    0.55904597191E+00    0.11204224248E+01    0.38224359896E+01
    0.73000000000E+01    0.26359607238E+00    0.56689926694E+00    0.11557075736E+01    0.37936832328E+01
    0.74000000000E+01    0.26564279559E+00    0.57474758520E+00    0.11916985387E+01    0.37644536822E+01
    0.75000000000E+01    0.26775569140E+00    0.58259018375E+00    0.12284038643E+01    0.37347478770E+01
    0.76000000000E+01    0.26993711466E+00    0.59042628296E+00    0.12658321237E+01    0.37045665293E+01
    0.77000000000E+01    0.27218953493E+00    0.59825506495E+00    0.13039919073E+01    0.36739105354E+01
    0.78000000000E+01    0.27451554274E+00    0.60607567199E+00    0.13428918101E+01    0.36427809880E+01
    0.79000000000E+01    0.27691785640E+00    0.61388720478E+00    0.13825404177E+01    0.36111791887E+01
    0.80000000000E+01    0.27939932907E+00    0.62168872065E+00    0.14229462909E+01    0.35791066619E+01
    0.81000000000E+01    0.28196295638E+00    0.62947923165E+00    0.14641179484E+01    0.35465651688E+01
    0.82000000000E+01    0.28461188441E+00    0.63725770250E+00    0.15060638485E+01    0.35135567233E+01
    0.83000000000E+01    0.28734941819E+00    0.64502304850E+00    0.15487923681E+01    0.34800836080E+01
    0.84000000000E+01    0.29017903072E+00    0.65277413318E+00    0.15923117804E+01    0.34461483917E+01
    0.85000000000E+01    0.29310437247E+00    0.66050976599E+00    0.16366302298E+01    0.34117539482E+01
    0.86000000000E+01    0.29612928146E+00    0.66822869971E+00    0.16817557046E+01    0.33769034763E+01
    0.87000000000E+01    0.29925779392E+00    0.67592962778E+00    0.17276960071E+01    0.33416005208E+01
    0.88000000000E+01    0.30249415547E+00    0.68361118146E+00    0.17744587200E+01    0.33058489955E+01
    0.89000000000E+01    0.30584283303E+00    0.69127192680E+00    0.18220511709E+01    0.32696532075E+01
    0.90000000000E+01    0.30930852721E+00    0.69891036152E+00    0.18704803915E+01    0.32330178835E+01
    0.91000000000E+01    0.31289618545E+00    0.70652491155E+00    0.19197530742E+01    0.31959481979E+01
    0.92000000000E+01    0.31661101571E+00    0.71411392755E+00    0.19698755236E+01    0.31584498023E+01
    0.93000000000E+01    0.32045850087E+00    0.72167568113E+00    0.20208536036E+01    0.31205288587E+01
    0.94000000000E+01    0.32444441363E+00    0.72920836083E+00    0.20726926789E+01    0.30821920735E+01
    0.95000000000E+01    0.32857483210E+00    0.73671006797E+00    0.21253975510E+01    0.30434467351E+01
    0.96000000000E+01    0.33285615585E+00    0.74417881221E+00    0.21789723876E+01    0.30043007540E+01
    0.97000000000E+01    0.33729512247E+00    0.75161250687E+00    0.22334206451E+01    0.29647627060E+01
    0.98000000000E+01    0.34189882447E+00    0.75900896400E+00    0.22887449834E+01    0.29248418785E+01
    0.99000000000E+01    0.34667472643E+00    0.76636588925E+00    0.23449471720E+01    0.28845483208E+01
    0.10000000000E+02    0.35163068227E+00    0.77368087640E+00    0.24020279875E+01    0.28438928979E+01
    0.10100000000E+02    0.35677495228E+00    0.78095140171E+00    0.24599870997E+01    0.28028873485E+01
    0.10200000000E+02    0.36211621984E+00    0.78817481795E+00    0.25188229477E+01    0.27615443474E+01
    0.10300000000E+02    0.36766360731E+00    0.79534834825E+00    0.25785326032E+01    0.27198775732E+01
    0.10400000000E+02    0.37342669075E+00    0.80246907962E+00    0.26391116199E+01    0.26779017804E+01
    0.10500000000E+02    0.37941551290E+00    0.80953395638E+00    0.27005538694E+01    0.26356328774E+01
    0.10600000000E+02    0.38564059369E+00    0.81653977325E+00    0.27628513599E+01    0.25930880109E+01
    0.10700000000E+02    0.39211293765E+00    0.82348316847E+00    0.28259940386E+01    0.25502856549E+01
    0.10800000000E+02    0.39884403698E+00    0.83036061662E+00    0.28899695743E+01    0.25072457083E+01
    0.10900000000E+02    0.40584586922E+00    0.83716842162E+00    0.29547631205E+01    0.24639895977E+01
    0.11000000000E+02    0.41313088804E+00    0.84390270966E+00    0.30203570561E+01    0.24205403879E+01
    0.11100000000E+02    0.42071200544E+00    0.85055942234E+00    0.30867307032E+01    0.23769228999E+01
    0.11200000000E+02    0.42860256304E+00    0.85713431018E+00    0.31538600198E+01    0.23331638357E+01
    0.11300000000E+02    0.43681629041E+00    0.86362292659E+00    0.32217172665E+01    0.22892919105E+01
    0.11400000000E+02    0.44536724706E+00    0.87002062264E+00    0.32902706466E+01    0.22453379915E+01
    0.11500000000E+02    0.45426974499E+00    0.87632254270E+00    0.33594839177E+01    0.22013352442E+01
    0.11600000000E+02    0.46353824779E+00    0.88252362162E+00    0.34293159756E+01    0.21573192822E+01
    0.11700000000E+02    0.47318724171E+00    0.88861858345E+00    0.34997204114E+01    0.21133283230E+01
    0.11800000000E+02    0.48323107361E+00    0.89460194255E+00    0.35706450414E+01    0.20694033447E+01
    0.11900000000E+02    0.49368375015E+00    0.90046800733E+00    0.36420314151E+01    0.20255882429E+01
    0.12000000000E+02    0.50455869497E+00    0.90621088914E+00    0.37138143227E+01    0.19819299716E+01
    0.12100000000E+02    0.51586848956E+00    0.91182453163E+00    0.37859215063E+01    0.19384785468E+01
    0.12200000000E+02    0.52762456983E+00    0.91730274499E+00    0.38582733966E+01    0.18952870226E+01
    0.12300000000E+02    0.53983677047E+00    0.92263920114E+00    0.39307822853E+01    0.18524117932E+01
    0.12400000000E+02    0.55251271326E+00    0.92782740999E+00    0.40033511033E+01    0.18099131043E+01
    0.12500000000E+02    0.56565707468E+00    0.93286070682E+00    0.40758721682E+01    0.17678555520E+01
    0.12600000000E+02    0.57927077402E+00    0.93773227152E+00    0.41482261992E+01    0.17263083947E+01
    0.12700000000E+02    0.59335012336E+00    0.94243518979E+00    0.42202818121E+01    0.16853455669E+01
    0.12800000000E+02    0.60788597765E+00    0.94696255683E+00    0.42918956003E+01    0.16450453486E+01
    0.12900000000E+02    0.62286291470E+00    0.95130761611E+00    0.43629128043E+01    0.16054897095E+01
    0.13000000000E+02    0.63825846440E+00    0.95546392040E+00    0.44331684772E+01    0.15667633972E+01
    0.13100000000E+02    0.65404126126E+00    0.95942522522E+00    0.45024841415E+01    0.15289555250E+01
    0.13200000000E+02    0.67017351224E+00    0.96318644869E+00    0.45706833105E+01    0.14921508859E+01
    0.13300000000E+02    0.68660781344E+00    0.96674310135E+00    0.46375810780E+01    0.14564355086E+01
    0.13400000000E+02    0.70328717058E+00    0.97009156587E+00    0.47029883329E+01    0.14218942728E+01
    0.13500000000E+02    0.72014512028E+00    0.97322929780E+00    0.47667152267E+01    0.13886090065E+01
    0.13600000000E+02    0.73710598901E+00    0.97615496072E+00    0.48285740481E+01    0.13566570004E+01
    0.13700000000E+02    0.75408557986E+00    0.97886854624E+00    0.48883824480E+01    0.13261094320E+01
    0.13800000000E+02    0.77099233787E+00    0.98137147097E+00    0.49459669374E+01    0.12970297510E+01
    0.13900000000E+02    0.78772901619E+00    0.98366664276E+00    0.50011665468E+01    0.12694720893E+01
    0.14000000000E+02    0.80419482675E+00    0.98575848875E+00    0.50538365013E+01    0.12434797722E+01
    0.14100000000E+02    0.82028801267E+00    0.98765293950E+00    0.51038517447E+01    0.12190840102E+01
    0.14200000000E+02    0.83590873108E+00    0.98935736540E+00    0.51511101263E+01    0.11963028532E+01
    0.14300000000E+02    0.85096208975E+00    0.99088046473E+00    0.51955350673E+01    0.11751404816E+01
    0.14400000000E+02    0.86536114830E+00    0.99223210559E+00    0.52370775387E+01    0.11555868922E+01
    0.14500000000E+02    0.87902967955E+00    0.99342312795E+00    0.52757172162E+01    0.11376180159E+01
    0.14600000000E+02    0.89190449508E+00    0.99446511457E+00    0.53114627271E+01    0.11211962778E+01
    0.14700000000E+02    0.90393717085E+00    0.99537014236E+00    0.53443509650E+01    0.11062715775E+01
    0.14800000000E+02    0.91509506084E+00    0.99615052696E+00    0.53744455082E+01    0.10927826439E+01
    0.14900000000E+02    0.92536155154E+00    0.99681857338E+00    0.54018342412E+01    0.10806586878E+01
    0.15000000000E+02    0.93473557862E+00    0.99738634464E+00    0.54266263248E+01    0.10698212659E+01
    0.15100000000E+02    0.94323048884E+00    0.99786545820E+00    0.54489486969E+01    0.10601862555E+01
    0.15200000000E+02    0.95087237773E+00    0.99826691733E+00    0.54689423005E+01    0.10516658423E+01
    0.15300000000E+02    0.95769806174E+00    0.99860098118E+00    0.54867582319E+01    0.10441704332E+01
    0.15400000000E+02    0.96375285142E+00    0.99887707483E+00    0.55025539877E+01    0.10376104190E+01
    0.15500000000E+02    0.96908828213E+00    0.99910373728E+00    0.55164899558E+01    0.10318977315E+01
    0.15600000000E+02    0.97375993530E+00    0.99928860398E+00    0.55287262636E+01    0.10269471599E+01
    0.15700000000E+02    0.97782545191E+00    0.99943841854E+00    0.55394200543E+01    0.10226774094E+01
    0.15800000000E+02    0.98134280597E+00    0.99955906794E+00    0.55487232316E+01    0.10190119028E+01
    0.15900000000E+02    0.98436887397E+00    0.99965563516E+00    0.55567806779E+01    0.10158793380E+01
    0.16000000000E+02    0.98695830875E+00    0.99973246372E+00    0.55637289270E+01    0.10132140245E+01
    0.16100000000E+02    0.98916270568E+00    0.99979322904E+00    0.55696952567E+01    0.10109560280E+01
    0.16200000000E+02    0.99103003391E+00    0.99984101239E+00    0.55747971515E+01    0.10090511546E+01
    0.16300000000E+02    0.99260429755E+00    0.99987837431E+00    0.55791420826E+01    0.10074508064E+01
    0.16400000000E+02    0.99392538750E+00    0.99990742479E+00    0.55828275491E+01    0.10061117389E+01
    0.16500000000E+02    0.99502908503E+00    0.99992988865E+00    0.55859413267E+01    0.10049957484E+01
    0.16600000000E+02    0.99594718060E+00    0.99994716512E+00    0.55885618750E+01    0.10040693116E+01
    0.16700000000E+02    0.99670767568E+00    0.99996038089E+00    0.55907588586E+01    0.10033031995E+01
    0.16800000000E+02    0.99733504002E+00    0.99997043681E+00    0.55925937450E+01    0.10026720810E+01
    0.16900000000E+02    0.99785050195E+00    0.99997804822E+00    0.55941204465E+01    0.10021541283E+01
    0.17000000000E+02    0.99827235368E+00    0.99998377935E+00    0.55953859813E+01    0.10017306362E+01
    0.17100000000E+02    0.99861625833E+00    0.99998807237E+00    0.55964311328E+01    0.10013856591E+01
    0.17200000000E+02    0.99889554841E+00    0.99999127163E+00    0.55972910923E+01    0.10011056728E+01
    0.17300000000E+02    0.99912150906E+00    0.99999364359E+00    0.55979960726E+01    0.10008792634E+01
    0.17400000000E+02    0.99930364156E+00    0.99999539324E+00    0.55985718853E+01    0.10006968437E+01
    0.17500000000E+02    0.99944990438E+00    0.99999667730E+00    0.55990404774E+01    0.10005503984E+01
    0.17600000000E+02    0.99956693099E+00    0.99999761490E+00    0.55994204227E+01    0.10004332566E+01
    0.17700000000E+02    0.99966022411E+00    0.99999829607E+00    0.55997273684E+01    0.10003398914E+01
    0.17800000000E+02    0.99973432737E+00    0.99999878846E+00    0.55999744374E+01    0.10002657432E+01
    0.17900000000E+02    0.99979297559E+00    0.99999914259E+00    0.56001725861E+01    0.10002070673E+01
    0.18000000000E+02    0.99983922517E+00    0.99999939602E+00    0.56003309229E+01    0.10001608007E+01
    0.18100000000E+02    0.99987556650E+00    0.99999957646E+00    0.56004569865E+01    0.10001244490E+01
    0.18200000000E+02    0.99990402013E+00    0.99999970430E+00    0.56005569898E+01    0.10000959891E+01
    0.18300000000E+02    0.99992621854E+00    0.99999979442E+00    0.56006360314E+01    0.10000737869E+01
    0.18400000000E+02    0.99994347514E+00    0.99999985763E+00    0.56006982777E+01    0.10000565281E+01
    0.18500000000E+02    0.99995684234E+00    0.99999990174E+00    0.56007471190E+01    0.10000431595E+01
    0.18600000000E+02    0.99996715993E+00    0.99999993238E+00    0.56007853025E+01    0.10000328411E+01
    0.18700000000E+02    0.99997509538E+00    0.99999995355E+00    0.56008150451E+01    0.10000249052E+01
    0.18800000000E+02    0.99998117699E+00    0.99999996810E+00    0.56008381282E+01    0.10000188234E+01
    0.18900000000E+02    0.99998582133E+00    0.99999997805E+00    0.56008559777E+01    0.10000141789E+01
    0.19000000000E+02    0.99998935548E+00    0.99999998483E+00    0.56008697298E+01    0.10000106446E+01
    0.19100000000E+02    0.99999203529E+00    0.99999998942E+00    0.56008802864E+01    0.10000079648E+01
    0.19200000000E+02    0.99999406008E+00    0.99999999251E+00    0.56008883604E+01    0.10000059400E+01
    0.19300000000E+02    0.99999558454E+00    0.99999999459E+00    0.56008945131E+01    0.10000044155E+01
    0.19400000000E+02    0.99999672823E+00    0.99999999597E+00    0.56008991847E+01    0.10000032718E+01
    0.19500000000E+02    0.99999758322E+00    0.99999999689E+00    0.56009027186E+01    0.10000024168E+01
    0.19600000000E+02    0.99999822012E+00    0.99999999750E+00    0.56009053822E+01    0.10000017799E+01
    0.19700000000E+02    0.99999869288E+00    0.99999999790E+00    0.56009073825E+01    0.10000013071E+01
    0.19800000000E+02    0.99999904256E+00    0.99999999816E+00    0.56009088792E+01    0.10000009574E+01
    0.19900000000E+02    0.99999930029E+00    0.99999999833E+00    0.56009099950E+01    0.10000006997E+01
    0.20000000000E+02    0.99999948957E+00    0.99999999844E+00    0.56009108238E+01    0.10000005104E+01
    0.20100000000E+02    0.99999962809E+00    0.99999999851E+00    0.56009114372E+01    0.10000003719E+01
    0.20200000000E+02    0.99999972910E+00    0.99999999855E+00    0.56009118894E+01    0.10000002709E+01
    0.20300000000E+02    0.99999980250E+00    0.99999999858E+00    0.56009122217E+01    0.10000001975E+01
    0.20400000000E+02    0.99999985565E+00    0.99999999860E+00    0.56009124649E+01    0.10000001443E+01
    0.20500000000E+02    0.99999989400E+00    0.99999999861E+00    0.56009126423E+01    0.10000001060E+01
    0.20600000000E+02    0.99999992157E+00    0.99999999862E+00    0.56009127712E+01    0.10000000784E+01
    0.20700000000E+02    0.99999994132E+00    0.99999999862E+00    0.56009128645E+01    0.10000000587E+01
    0.20800000000E+02    0.99999995542E+00    0.99999999863E+00    0.56009129319E+01    0.10000000446E+01
    0.20900000000E+02    0.99999996545E+00    0.99999999863E+00    0.56009129802E+01    0.10000000345E+01
    0.21000000000E+02    0.99999997256E+00    0.99999999863E+00    0.56009130149E+01    0.10000000274E+01
    0.21100000000E+02    0.99999997758E+00    0.99999999863E+00    0.56009130396E+01    0.10000000224E+01
    0.21200000000E+02    0.99999998112E+00    0.99999999863E+00    0.56009130572E+01    0.10000000189E+01
    0.21300000000E+02    0.99999998360E+00    0.99999999863E+00    0.56009130697E+01    0.10000000164E+01
    0.21400000000E+02    0.99999998533E+00    0.99999999863E+00    0.56009130784E+01    0.10000000147E+01
    0.21500000000E+02    0.99999998653E+00    0.99999999863E+00    0.56009130846E+01    0.10000000135E+01
    0.21600000000E+02    0.99999998737E+00    0.99999999863E+00    0.56009130890E+01    0.10000000126E+01
    0.21700000000E+02    0.99999998795E+00    0.99999999863E+00    0.56009130920E+01    0.10000000120E+01
    0.21800000000E+02    0.99999998835E+00    0.99999999863E+00    0.56009130941E+01    0.10000000117E+01
    0.21900000000E+02    0.99999998862E+00    0.99999999863E+00    0.56009130955E+01    0.10000000114E+01
    0.22000000000E+02    0.99999998881E+00    0.99999999863E+00    0.56009130965E+01    0.10000000112E+01
    0.22100000000E+02    0.99999998894E+00    0.99999999863E+00    0.56009130972E+01    0.10000000111E+01
    0.22200000000E+02    0.99999998902E+00    0.99999999863E+00    0.56009130977E+01    0.10000000110E+01
    0.22300000000E+02    0.99999998908E+00    0.99999999863E+00    0.56009130980E+01    0.10000000109E+01
    0.22400000000E+02    0.99999998912E+00    0.99999999863E+00    0.56009130983E+01    0.10000000109E+01
    0.22500000000E+02    0.99999998915E+00    0.99999999863E+00    0.56009130984E+01    0.10000000109E+01
    0.22600000000E+02    0.99999998917E+00    0.99999999863E+00    0.56009130985E+01    0.10000000108E+01
    0.22700000000E+02    0.99999998918E+00    0.99999999863E+00    0.56009130986E+01    0.10000000108E+01
    0.22800000000E+02    0.99999998919E+00    0.99999999863E+00    0.56009130986E+01    0.10000000108E+01
    0.22900000000E+02    0.99999998919E+00    0.99999999863E+00    0.56009130987E+01    0.10000000108E+01
    0.23000000000E+02    0.99999998920E+00    0.99999999863E+00    0.56009130987E+01    0.10000000108E+01
    0.23100000000E+02    0.99999998920E+00    0.99999999863E+00    0.56009130987E+01    0.10000000108E+01
    0.23200000000E+02    0.99999998920E+00    0.99999999863E+00    0.56009130987E+01    0.10000000108E+01
    0.23300000000E+02    0.99999998920E+00    0.99999999863E+00    0.56009130987E+01    0.10000000108E+01
    0.23400000000E+02    0.99999998920E+00    0.99999999863E+00    0.56009130987E+01    0.10000000108E+01
    0.23500000000E+02    0.99999998920E+00    0.99999999863E+00    0.56009130987E+01    0.10000000108E+01
    0.23600000000E+02    0.99999998920E+00    0.99999999863E+00    0.56009130987E+01    0.10000000108E+01
    0.23700000000E+02    0.99999998920E+00    0.99999999863E+00    0.56009130987E+01    0.10000000108E+01
    0.23800000000E+02    0.99999998920E+00    0.99999999863E+00    0.56009130987E+01    0.10000000108E+01
    0.23900000000E+02    0.99999998920E+00    0.99999999863E+00    0.56009130987E+01    0.10000000108E+01
    0.24000000000E+02    0.99999998920E+00    0.99999999863E+00    0.56009130987E+01    0.10000000108E+01
    0.24100000000E+02    0.99999998920E+00    0.99999999863E+00    0.56009130987E+01    0.10000000108E+01
    0.24200000000E+02    0.99999998920E+00    0.99999999863E+00    0.56009130987E+01    0.10000000108E+01
    0.24300000000E+02    0.99999998920E+00    0.99999999863E+00    0.56009130987E+01    0.10000000108E+01
    0.24400000000E+02    0.99999998920E+00    0.99999999863E+00    0.56009130987E+01    0.10000000108E+01
    0.24500000000E+02    0.99999998920E+00    0.99999999863E+00    0.56009130987E+01    0.10000000108E+01
    0.24600000000E+02    0.99999998920E+00    0.99999999863E+00    0.56009130987E+01    0.10000000108E+01
    0.24700000000E+02    0.99999998920E+00    0.99999999863E+00    0.56009130987E+01    0.10000000108E+01
    0.24800000000E+02    0.99999998920E+00    0.99999999863E+00    0.56009130987E+01    0.10000000108E+01
    0.24900000000E+02    0.99999998920E+00    0.99999999863E+00    0.56009130987E+01    0.10000000108E+01
    0.25000000000E+02    0.99999998920E+00    0.99999999863E+00    0.56009130987E+01    0.10000000108E+01
    0.25100000000E+02    0.99999998920E+00    0.99999999863E+00    0.56009130987E+01    0.10000000108E+01
    0.25200000000E+02    0.99999998920E+00    0.99999999863E+00    0.56009130987E+01    0.10000000108E+01
    0.25300000000E+02    0.99999998920E+00    0.99999999863E+00    0.56009130987E+01    0.10000000108E+01
    0.25400000000E+02    0.99999998920E+00    0.99999999863E+00    0.56009130987E+01    0.10000000108E+01
    0.25500000000E+02    0.99999998920E+00    0.99999999863E+00    0.56009130987E+01    0.10000000108E+01
    0.25600000000E+02    0.99999998920E+00    0.99999999863E+00    0.56009130987E+01    0.10000000108E+01
    0.25700000000E+02    0.99999998920E+00    0.99999999863E+00    0.56009130987E+01    0.10000000108E+01
    0.25800000000E+02    0.99999998920E+00    0.99999999863E+00    0.56009130987E+01    0.10000000108E+01
    0.25900000000E+02    0.99999998920E+00    0.99999999863E+00    0.56009130987E+01    0.10000000108E+01
    0.26000000000E+02    0.99999998920E+00    0.99999999863E+00    0.56009130987E+01    0.10000000108E+01
    0.26100000000E+02    0.99999998920E+00    0.99999999863E+00    0.56009130987E+01    0.10000000108E+01
    0.26200000000E+02    0.99999998920E+00    0.99999999863E+00    0.56009130987E+01    0.10000000108E+01
    0.26300000000E+02    0.99999998920E+00    0.99999999863E+00    0.56009130987E+01    0.10000000108E+01
    0.26400000000E+02    0.99999998920E+00    0.99999999863E+00    0.56009130987E+01    0.10000000108E+01
    0.26500000000E+02    0.99999998920E+00    0.99999999863E+00    0.56009130987E+01    0.10000000108E+01
    0.26600000000E+02    0.99999998920E+00    0.99999999863E+00    0.56009130987E+01    0.10000000108E+01
    0.26700000000E+02    0.99999998920E+00    0.99999999863E+00    0.56009130987E+01    0.10000000108E+01
    0.26800000000E+02    0.99999998920E+00    0.99999999863E+00    0.56009130987E+01    0.10000000108E+01
    0.26900000000E+02    0.99999998920E+00    0.99999999863E+00    0.56009130987E+01    0.10000000108E+01
    0.27000000000E+02    0.99999998920E+00    0.99999999863E+00    0.56009130987E+01    0.10000000108E+01
    0.27100000000E+02    0.99999998920E+00    0.99999999863E+00    0.56009130987E+01    0.10000000108E+01
    0.27200000000E+02    0.99999998920E+00    0.99999999863E+00    0.56009130987E+01    0.10000000108E+01
    0.27300000000E+02    0.99999998920E+00    0.99999999863E+00    0.56009130987E+01    0.10000000108E+01
    0.27400000000E+02    0.99999998920E+00    0.99999999863E+00    0.56009130987E+01    0.10000000108E+01
    0.27500000000E+02    0.99999998920E+00    0.99999999863E+00    0.56009130987E+01    0.10000000108E+01
    0.27600000000E+02    0.99999998920E+00    0.99999999863E+00    0.56009130987E+01    0.10000000108E+01
    0.27700000000E+02    0.99999998920E+00    0.99999999863E+00    0.56009130987E+01    0.10000000108E+01
    0.27800000000E+02    0.99999998920E+00    0.99999999863E+00    0.56009130987E+01    0.10000000108E+01
    0.27900000000E+02    0.99999998920E+00    0.99999999863E+00    0.56009130987E+01    0.10000000108E+01
    0.28000000000E+02    0.99999998920E+00    0.99999999863E+00    0.56009130987E+01    0.10000000108E+01
    0.28100000000E+02    0.99999998920E+00    0.99999999863E+00    0.56009130987E+01    0.10000000108E+01
    0.28200000000E+02    0.99999998920E+00    0.99999999863E+00    0.56009130987E+01    0.10000000108E+01
    0.28300000000E+02    0.99999998920E+00    0.99999999863E+00    0.56009130987E+01    0.10000000108E+01
    0.28400000000E+02    0.99999998920E+00    0.99999999863E+00    0.56009130987E+01    0.10000000108E+01
    0.28500000000E+02    0.99999998920E+00    0.99999999863E+00    0.56009130987E+01    0.10000000108E+01
    0.28600000000E+02    0.99999998920E+00    0.99999999863E+00    0.56009130987E+01    0.10000000108E+01
    0.28700000000E+02    0.99999998920E+00    0.99999999863E+00    0.56009130987E+01    0.10000000108E+01
    0.28800000000E+02    0.99999998920E+00    0.99999999863E+00    0.56009130987E+01    0.10000000108E+01
    0.28900000000E+02    0.99999998920E+00    0.99999999863E+00    0.56009130987E+01    0.10000000108E+01
    0.29000000000E+02    0.99999998920E+00    0.99999999863E+00    0.56009130987E+01    0.10000000108E+01
    0.29100000000E+02    0.99999998920E+00    0.99999999863E+00    0.56009130987E+01    0.10000000108E+01
    0.29200000000E+02    0.99999998920E+00    0.99999999863E+00    0.56009130987E+01    0.10000000108E+01
    0.29300000000E+02    0.99999998920E+00    0.99999999863E+00    0.56009130987E+01    0.10000000108E+01
    0.29400000000E+02    0.99999998920E+00    0.99999999863E+00    0.56009130987E+01    0.10000000108E+01
    0.29500000000E+02    0.99999998920E+00    0.99999999863E+00    0.56009130987E+01    0.10000000108E+01
    0.29600000000E+02    0.99999998920E+00    0.99999999863E+00    0.56009130987E+01    0.10000000108E+01
    0.29700000000E+02    0.99999998920E+00    0.99999999863E+00    0.56009130987E+01    0.10000000108E+01
    0.29800000000E+02    0.99999998920E+00    0.99999999863E+00    0.56009130987E+01    0.10000000108E+01
    0.29900000000E+02    0.99999998920E+00    0.99999999863E+00    0.56009130987E+01    0.10000000108E+01
    0.30000000000E+02    0.99999998920E+00    0.99999999863E+00    0.56009130987E+01    0.10000000108E+01
    0.30100000000E+02    0.99999998920E+00    0.99999999863E+00    0.56009130987E+01    0.10000000108E+01
    0.30200000000E+02    0.99999998920E+00    0.99999999863E+00    0.56009130987E+01    0.10000000108E+01
    0.30300000000E+02    0.99999998920E+00    0.99999999863E+00    0.56009130987E+01    0.10000000108E+01
    0.30400000000E+02    0.99999998920E+00    0.99999999863E+00    0.56009130987E+01    0.10000000108E+01
    0.30500000000E+02    0.99999998920E+00    0.99999999863E+00    0.56009130987E+01    0.10000000108E+01
    0.30600000000E+02    0.99999998920E+00    0.99999999863E+00    0.56009130987E+01    0.10000000108E+01
    0.30700000000E+02    0.99999998920E+00    0.99999999863E+00    0.56009130987E+01    0.10000000108E+01
    0.30800000000E+02    0.99999998920E+00    0.99999999863E+00    0.56009130987E+01    0.10000000108E+01
    0.30900000000E+02    0.99999998920E+00    0.99999999863E+00    0.56009130987E+01    0.10000000108E+01
    0.31000000000E+02    0.99999998920E+00    0.99999999863E+00    0.56009130987E+01    0.10000000108E+01
    0.31100000000E+02    0.99999998920E+00    0.99999999863E+00    0.56009130987E+01    0.10000000108E+01
    0.31200000000E+02    0.99999998920E+00    0.99999999863E+00    0.56009130987E+01    0.10000000108E+01
    0.31300000000E+02    0.99999998920E+00    0.99999999863E+00    0.56009130987E+01    0.10000000108E+01
    0.31400000000E+02    0.99999998920E+00    0.99999999863E+00    0.56009130987E+01    0.10000000108E+01
    0.31500000000E+02    0.99999998920E+00    0.99999999863E+00    0.56009130987E+01    0.10000000108E+01
    0.31600000000E+02    0.99999998920E+00    0.99999999863E+00    0.56009130987E+01    0.10000000108E+01
    0.31700000000E+02    0.99999998920E+00    0.99999999863E+00    0.56009130987E+01    0.10000000108E+01
    0.31800000000E+02    0.99999998920E+00    0.99999999863E+00    0.56009130987E+01    0.10000000108E+01
    0.31900000000E+02    0.99999998920E+00    0.99999999863E+00    0.56009130987E+01    0.10000000108E+01
    0.32000000000E+02    0.99999998920E+00    0.99999999863E+00    0.56009130987E+01    0.10000000108E+01
    0.32100000000E+02    0.99999998920E+00    0.99999999863E+00    0.56009130987E+01    0.10000000108E+01
    0.32200000000E+02    0.99999998920E+00    0.99999999863E+00    0.56009130987E+01    0.10000000108E+01
    0.32300000000E+02    0.99999998920E+00    0.99999999863E+00    0.56009130987E+01    0.10000000108E+01
    0.32400000000E+02    0.99999998920E+00    0.99999999863E+00    0.56009130987E+01    0.10000000108E+01
    0.32500000000E+02    0.99999998920E+00    0.99999999863E+00    0.56009130987E+01    0.10000000108E+01
    0.32600000000E+02    0.99999998920E+00    0.99999999863E+00    0.56009130987E+01    0.10000000108E+01
    0.32700000000E+02    0.99999998920E+00    0.99999999863E+00    0.56009130987E+01    0.10000000108E+01
    0.32800000000E+02    0.99999998920E+00    0.99999999863E+00    0.56009130987E+01    0.10000000108E+01
    0.32900000000E+02    0.99999998920E+00    0.99999999863E+00    0.56009130987E+01    0.10000000108E+01
    0.33000000000E+02    0.99999998920E+00    0.99999999863E+00    0.56009130987E+01    0.10000000108E+01
    0.33100000000E+02    0.99999998920E+00    0.99999999863E+00    0.56009130987E+01    0.10000000108E+01
    0.33200000000E+02    0.99999998920E+00    0.99999999863E+00    0.56009130987E+01    0.10000000108E+01
    0.33300000000E+02    0.99999998920E+00    0.99999999863E+00    0.56009130987E+01    0.10000000108E+01
    0.33400000000E+02    0.99999998920E+00    0.99999999863E+00    0.56009130987E+01    0.10000000108E+01
    0.33500000000E+02    0.99999998920E+00    0.99999999863E+00    0.56009130987E+01    0.10000000108E+01
    0.33600000000E+02    0.99999998920E+00    0.99999999863E+00    0.56009130987E+01    0.10000000108E+01
    0.33700000000E+02    0.99999998920E+00    0.99999999863E+00    0.56009130987E+01    0.10000000108E+01
    0.33800000000E+02    0.99999998920E+00    0.99999999863E+00    0.56009130987E+01    0.10000000108E+01
    0.33900000000E+02    0.99999998920E+00    0.99999999863E+00    0.56009130987E+01    0.10000000108E+01
    0.34000000000E+02    0.99999998920E+00    0.99999999863E+00    0.56009130987E+01    0.10000000108E+01
    0.34100000000E+02    0.99999998920E+00    0.99999999863E+00    0.56009130987E+01    0.10000000108E+01
    0.34200000000E+02    0.99999998920E+00    0.99999999863E+00    0.56009130987E+01    0.10000000108E+01
    0.34300000000E+02    0.99999998920E+00    0.99999999863E+00    0.56009130987E+01    0.10000000108E+01
    0.34400000000E+02    0.99999998920E+00    0.99999999863E+00    0.56009130987E+01    0.10000000108E+01
    0.34500000000E+02    0.99999998920E+00    0.99999999863E+00    0.56009130987E+01    0.10000000108E+01
    0.34600000000E+02    0.99999998920E+00    0.99999999863E+00    0.56009130987E+01    0.10000000108E+01
    0.34700000000E+02    0.99999998920E+00    0.99999999863E+00    0.56009130987E+01    0.10000000108E+01
    0.34800000000E+02    0.99999998920E+00    0.99999999863E+00    0.56009130987E+01    0.10000000108E+01
    0.34900000000E+02    0.99999998920E+00    0.99999999863E+00    0.56009130987E+01    0.10000000108E+01
    0.35000000000E+02    0.99999998920E+00    0.99999999863E+00    0.56009130987E+01    0.10000000108E+01
    0.35100000000E+02    0.99999998920E+00    0.99999999863E+00    0.56009130987E+01    0.10000000108E+01
    0.35200000000E+02    0.99999998920E+00    0.99999999863E+00    0.56009130987E+01    0.10000000108E+01
    0.35300000000E+02    0.99999998920E+00    0.99999999863E+00    0.56009130987E+01    0.10000000108E+01
    0.35400000000E+02    0.99999998920E+00    0.99999999863E+00    0.56009130987E+01    0.10000000108E+01
    0.35500000000E+02    0.99999998920E+00    0.99999999863E+00    0.56009130987E+01    0.10000000108E+01
    0.35600000000E+02    0.99999998920E+00    0.99999999863E+00    0.56009130987E+01    0.10000000108E+01
    0.35700000000E+02    0.99999998920E+00    0.99999999863E+00    0.56009130987E+01    0.10000000108E+01
    0.35800000000E+02    0.99999998920E+00    0.99999999863E+00    0.56009130987E+01    0.10000000108E+01
    0.35900000000E+02    0.99999998920E+00    0.99999999863E+00    0.56009130987E+01    0.10000000108E+01
    0.36000000000E+02    0.99999998920E+00    0.99999999863E+00    0.56009130987E+01    0.10000000108E+01
    0.36100000000E+02    0.99999998920E+00    0.99999999863E+00    0.56009130987E+01    0.10000000108E+01
    0.36200000000E+02    0.99999998920E+00    0.99999999863E+00    0.56009130987E+01    0.10000000108E+01
    0.36300000000E+02    0.99999998920E+00    0.99999999863E+00    0.56009130987E+01    0.10000000108E+01
    0.36400000000E+02    0.99999998920E+00    0.99999999863E+00    0.56009130987E+01    0.10000000108E+01
    0.36500000000E+02    0.99999998920E+00    0.99999999863E+00    0.56009130987E+01    0.10000000108E+01
    0.36600000000E+02    0.99999998920E+00    0.99999999863E+00    0.56009130987E+01    0.10000000108E+01
    0.36700000000E+02    0.99999998920E+00    0.99999999863E+00    0.56009130987E+01    0.10000000108E+01
    0.36800000000E+02    0.99999998920E+00    0.99999999863E+00    0.56009130987E+01    0.10000000108E+01
    0.36900000000E+02    0.99999998920E+00    0.99999999863E+00    0.56009130987E+01    0.10000000108E+01
    0.37000000000E+02    0.99999998920E+00    0.99999999863E+00    0.56009130987E+01    0.10000000108E+01
    0.37100000000E+02    0.99999998920E+00    0.99999999863E+00    0.56009130987E+01    0.10000000108E+01
    0.37200000000E+02    0.99999998920E+00    0.99999999863E+00    0.56009130987E+01    0.10000000108E+01
    0.37300000000E+02    0.99999998920E+00    0.99999999863E+00    0.56009130987E+01    0.10000000108E+01
    0.37400000000E+02    0.99999998920E+00    0.99999999863E+00    0.56009130987E+01    0.10000000108E+01
    0.37500000000E+02    0.99999998920E+00    0.99999999863E+00    0.56009130987E+01    0.10000000108E+01
    0.37600000000E+02    0.99999998920E+00    0.99999999863E+00    0.56009130987E+01    0.10000000108E+01
    0.37700000000E+02    0.99999998920E+00    0.99999999863E+00    0.56009130987E+01    0.10000000108E+01
    0.37800000000E+02    0.99999998920E+00    0.99999999863E+00    0.56009130987E+01    0.10000000108E+01
    0.37900000000E+02    0.99999998920E+00    0.99999999863E+00    0.56009130987E+01    0.10000000108E+01
    0.38000000000E+02    0.99999998920E+00    0.99999999863E+00    0.56009130987E+01    0.10000000108E+01
    0.38100000000E+02    0.99999998920E+00    0.99999999863E+00    0.56009130987E+01    0.10000000108E+01
    0.38200000000E+02    0.99999998920E+00    0.99999999863E+00    0.56009130987E+01    0.10000000108E+01
    0.38300000000E+02    0.99999998920E+00    0.99999999863E+00    0.56009130987E+01    0.10000000108E+01
    0.38400000000E+02    0.99999998920E+00    0.99999999863E+00    0.56009130987E+01    0.10000000108E+01
    0.38500000000E+02    0.99999998920E+00    0.99999999863E+00    0.56009130987E+01    0.10000000108E+01
    0.38600000000E+02    0.99999998920E+00    0.99999999863E+00    0.56009130987E+01    0.10000000108E+01
    0.38700000000E+02    0.99999998920E+00    0.99999999863E+00    0.56009130987E+01    0.10000000108E+01
    0.38800000000E+02    0.99999998920E+00    0.99999999863E+00    0.56009130987E+01    0.10000000108E+01
    0.38900000000E+02    0.99999998920E+00    0.99999999863E+00    0.56009130987E+01    0.10000000108E+01
    0.39000000000E+02    0.99999998920E+00    0.99999999863E+00    0.56009130987E+01    0.10000000108E+01
    0.39100000000E+02    0.99999998920E+00    0.99999999863E+00    0.56009130987E+01    0.10000000108E+01
    0.39200000000E+02    0.99999998920E+00    0.99999999863E+00    0.56009130987E+01    0.10000000108E+01
    0.39300000000E+02    0.99999998920E+00    0.99999999863E+00    0.56009130987E+01    0.10000000108E+01
    0.39400000000E+02    0.99999998920E+00    0.99999999863E+00    0.56009130987E+01    0.10000000108E+01
    0.39500000000E+02    0.99999998920E+00    0.99999999863E+00    0.56009130987E+01    0.10000000108E+01
    0.39600000000E+02    0.99999998920E+00    0.99999999863E+00    0.56009130987E+01    0.10000000108E+01
    0.39700000000E+02    0.99999998920E+00    0.99999999863E+00    0.56009130987E+01    0.10000000108E+01
    0.39800000000E+02    0.99999998920E+00    0.99999999863E+00    0.56009130987E+01    0.10000000108E+01
    0.39900000000E+02    0.99999998920E+00    0.99999999863E+00    0.56009130987E+01    0.10000000108E+01
    0.40000000000E+02    0.99999998920E+00    0.99999999863E+00    0.56009130987E+01    0.10000000108E+01
    0.40100000000E+02    0.99999998920E+00    0.99999999863E+00    0.56009130987E+01    0.10000000108E+01
    0.40200000000E+02    0.99999998920E+00    0.99999999863E+00    0.56009130987E+01    0.10000000108E+01
    0.40300000000E+02    0.99999998920E+00    0.99999999863E+00    0.56009130987E+01    0.10000000108E+01
    0.40400000000E+02    0.99999998920E+00    0.99999999863E+00    0.56009130987E+01    0.10000000108E+01
    0.40500000000E+02    0.99999998920E+00    0.99999999863E+00    0.56009130987E+01    0.10000000108E+01
    0.40600000000E+02    0.99999998920E+00    0.99999999863E+00    0.56009130987E+01    0.10000000108E+01
    0.40700000000E+02    0.99999998920E+00    0.99999999863E+00    0.56009130987E+01    0.10000000108E+01
    0.40800000000E+02    0.99999998920E+00    0.99999999863E+00    0.56009130987E+01    0.10000000108E+01
    0.40900000000E+02    0.99999998920E+00    0.99999999863E+00    0.56009130987E+01    0.10000000108E+01
    0.41000000000E+02    0.99999998920E+00    0.99999999863E+00    0.56009130987E+01    0.10000000108E+01
    0.41100000000E+02    0.99999998920E+00    0.99999999863E+00    0.56009130987E+01    0.10000000108E+01
    0.41200000000E+02    0.99999998920E+00    0.99999999863E+00    0.56009130987E+01    0.10000000108E+01
    0.41300000000E+02    0.99999998920E+00    0.99999999863E+00    0.56009130987E+01    0.10000000108E+01
    0.41400000000E+02    0.99999998920E+00    0.99999999863E+00    0.56009130987E+01    0.10000000108E+01
    0.41500000000E+02    0.99999998920E+00    0.99999999863E+00    0.56009130987E+01    0.10000000108E+01
    0.41600000000E+02    0.99999998920E+00    0.99999999863E+00    0.56009130987E+01    0.10000000108E+01
    0.41700000000E+02    0.99999998920E+00    0.99999999863E+00    0.56009130987E+01    0.10000000108E+01
    0.41800000000E+02    0.99999998920E+00    0.99999999863E+00    0.56009130987E+01    0.10000000108E+01
    0.41900000000E+02    0.99999998920E+00    0.99999999863E+00    0.56009130987E+01    0.10000000108E+01
    0.42000000000E+02    0.99999998920E+00    0.99999999863E+00    0.56009130987E+01    0.10000000108E+01
    0.42100000000E+02    0.99999998920E+00    0.99999999863E+00    0.56009130987E+01    0.10000000108E+01
    0.42200000000E+02    0.99999998920E+00    0.99999999863E+00    0.56009130987E+01    0.10000000108E+01
    0.42300000000E+02    0.99999998920E+00    0.99999999863E+00    0.56009130987E+01    0.10000000108E+01
    0.42400000000E+02    0.99999998920E+00    0.99999999863E+00    0.56009130987E+01    0.10000000108E+01
    0.42500000000E+02    0.99999998920E+00    0.99999999863E+00    0.56009130987E+01    0.10000000108E+01
    0.42600000000E+02    0.99999998920E+00    0.99999999863E+00    0.56009130987E+01    0.10000000108E+01
    0.42700000000E+02    0.99999998920E+00    0.99999999863E+00    0.56009130987E+01    0.10000000108E+01
    0.42800000000E+02    0.99999998920E+00    0.99999999863E+00    0.56009130987E+01    0.10000000108E+01
    0.42900000000E+02    0.99999998920E+00    0.99999999863E+00    0.56009130987E+01    0.10000000108E+01
    0.43000000000E+02    0.99999998920E+00    0.99999999863E+00    0.56009130987E+01    0.10000000108E+01
    0.43100000000E+02    0.99999998920E+00    0.99999999863E+00    0.56009130987E+01    0.10000000108E+01
    0.43200000000E+02    0.99999998920E+00    0.99999999863E+00    0.56009130987E+01    0.10000000108E+01
    0.43300000000E+02    0.99999998920E+00    0.99999999863E+00    0.56009130987E+01    0.10000000108E+01
    0.43400000000E+02    0.99999998920E+00    0.99999999863E+00    0.56009130987E+01    0.10000000108E+01
    0.43500000000E+02    0.99999998920E+00    0.99999999863E+00    0.56009130987E+01    0.10000000108E+01
    0.43600000000E+02    0.99999998920E+00    0.99999999863E+00    0.56009130987E+01    0.10000000108E+01
    0.43700000000E+02    0.99999998920E+00    0.99999999863E+00    0.56009130987E+01    0.10000000108E+01
    0.43800000000E+02    0.99999998920E+00    0.99999999863E+00    0.56009130987E+01    0.10000000108E+01
    0.43900000000E+02    0.99999998920E+00    0.99999999863E+00    0.56009130987E+01    0.10000000108E+01
    0.44000000000E+02    0.99999998920E+00    0.99999999863E+00    0.56009130987E+01    0.10000000108E+01
    0.44100000000E+02    0.99999998920E+00    0.99999999863E+00    0.56009130987E+01    0.10000000108E+01
    0.44200000000E+02    0.99999998920E+00    0.99999999863E+00    0.56009130987E+01    0.10000000108E+01
    0.44300000000E+02    0.99999998920E+00    0.99999999863E+00    0.56009130987E+01    0.10000000108E+01
    0.44400000000E+02    0.99999998920E+00    0.99999999863E+00    0.56009130987E+01    0.10000000108E+01
    0.44500000000E+02    0.99999998920E+00    0.99999999863E+00    0.56009130987E+01    0.10000000108E+01
    0.44600000000E+02    0.99999998920E+00    0.99999999863E+00    0.56009130987E+01    0.10000000108E+01
    0.44700000000E+02    0.99999998920E+00    0.99999999863E+00    0.56009130987E+01    0.10000000108E+01
    0.44800000000E+02    0.99999998920E+00    0.99999999863E+00    0.56009130987E+01    0.10000000108E+01
    0.44900000000E+02    0.99999998920E+00    0.99999999863E+00    0.56009130987E+01    0.10000000108E+01
    0.45000000000E+02    0.99999998920E+00    0.99999999863E+00    0.56009130987E+01    0.10000000108E+01
    0.45100000000E+02    0.99999998920E+00    0.99999999863E+00    0.56009130987E+01    0.10000000108E+01
    0.45200000000E+02    0.99999998920E+00    0.99999999863E+00    0.56009130987E+01    0.10000000108E+01
    0.45300000000E+02    0.99999998920E+00    0.99999999863E+00    0.56009130987E+01    0.10000000108E+01
    0.45400000000E+02    0.99999998920E+00    0.99999999863E+00    0.56009130987E+01    0.10000000108E+01
    0.45500000000E+02    0.99999998920E+00    0.99999999863E+00    0.56009130987E+01    0.10000000108E+01
    0.45600000000E+02    0.99999998920E+00    0.99999999863E+00    0.56009130987E+01    0.10000000108E+01
    0.45700000000E+02    0.99999998920E+00    0.99999999863E+00    0.56009130987E+01    0.10000000108E+01
    0.45800000000E+02    0.99999998920E+00    0.99999999863E+00    0.56009130987E+01    0.10000000108E+01
    0.45900000000E+02    0.99999998920E+00    0.99999999863E+00    0.56009130987E+01    0.10000000108E+01
    0.46000000000E+02    0.99999998920E+00    0.99999999863E+00    0.56009130987E+01    0.10000000108E+01
    0.46100000000E+02    0.99999998920E+00    0.99999999863E+00    0.56009130987E+01    0.10000000108E+01
    0.46200000000E+02    0.99999998920E+00    0.99999999863E+00    0.56009130987E+01    0.10000000108E+01
    0.46300000000E+02    0.99999998920E+00    0.99999999863E+00    0.56009130987E+01    0.10000000108E+01
    0.46400000000E+02    0.99999998920E+00    0.99999999863E+00    0.56009130987E+01    0.10000000108E+01
    0.46500000000E+02    0.99999998920E+00    0.99999999863E+00    0.56009130987E+01    0.10000000108E+01
    0.46600000000E+02    0.99999998920E+00    0.99999999863E+00    0.56009130987E+01    0.10000000108E+01
    0.46700000000E+02    0.99999998920E+00    0.99999999863E+00    0.56009130987E+01    0.10000000108E+01
    0.46800000000E+02    0.99999998920E+00    0.99999999863E+00    0.56009130987E+01    0.10000000108E+01
    0.46900000000E+02    0.99999998920E+00    0.99999999863E+00    0.56009130987E+01    0.10000000108E+01
    0.47000000000E+02    0.99999998920E+00    0.99999999863E+00    0.56009130987E+01    0.10000000108E+01
    0.47100000000E+02    0.99999998920E+00    0.99999999863E+00    0.56009130987E+01    0.10000000108E+01
    0.47200000000E+02    0.99999998920E+00    0.99999999863E+00    0.56009130987E+01    0.10000000108E+01
    0.47300000000E+02    0.99999998920E+00    0.99999999863E+00    0.56009130987E+01    0.10000000108E+01
    0.47400000000E+02    0.99999998920E+00    0.99999999863E+00    0.56009130987E+01    0.10000000108E+01
    0.47500000000E+02    0.99999998920E+00    0.99999999863E+00    0.56009130987E+01    0.10000000108E+01
    0.47600000000E+02    0.99999998920E+00    0.99999999863E+00    0.56009130987E+01    0.10000000108E+01
    0.47700000000E+02    0.99999998920E+00    0.99999999863E+00    0.56009130987E+01    0.10000000108E+01
    0.47800000000E+02    0.99999998920E+00    0.99999999863E+00    0.56009130987E+01    0.10000000108E+01
    0.47900000000E+02    0.99999998920E+00    0.99999999863E+00    0.56009130987E+01    0.10000000108E+01
    0.48000000000E+02    0.99999998920E+00    0.99999999863E+00    0.56009130987E+01    0.10000000108E+01
    0.48100000000E+02    0.99999998920E+00    0.99999999863E+00    0.56009130987E+01    0.10000000108E+01
    0.48200000000E+02    0.99999998920E+00    0.99999999863E+00    0.56009130987E+01    0.10000000108E+01
    0.48300000000E+02    0.99999998920E+00    0.99999999863E+00    0.56009130987E+01    0.10000000108E+01
    0.48400000000E+02    0.99999998920E+00    0.99999999863E+00    0.56009130987E+01    0.10000000108E+01
    0.48500000000E+02    0.99999998920E+00    0.99999999863E+00    0.56009130987E+01    0.10000000108E+01
    0.48600000000E+02    0.99999998920E+00    0.99999999863E+00    0.56009130987E+01    0.10000000108E+01
    0.48700000000E+02    0.99999998920E+00    0.99999999863E+00    0.56009130987E+01    0.10000000108E+01
    0.48800000000E+02    0.99999998920E+00    0.99999999863E+00    0.56009130987E+01    0.10000000108E+01
    0.48900000000E+02    0.99999998920E+00    0.99999999863E+00    0.56009130987E+01    0.10000000108E+01
    0.49000000000E+02    0.99999998920E+00    0.99999999863E+00    0.56009130987E+01    0.10000000108E+01
    0.49100000000E+02    0.99999998920E+00    0.99999999863E+00    0.56009130987E+01    0.10000000108E+01
    0.49200000000E+02    0.99999998920E+00    0.99999999863E+00    0.56009130987E+01    0.10000000108E+01
    0.49300000000E+02    0.99999998920E+00    0.99999999863E+00    0.56009130987E+01    0.10000000108E+01
    0.49400000000E+02    0.99999998920E+00    0.99999999863E+00    0.56009130987E+01    0.10000000108E+01
    0.49500000000E+02    0.99999998920E+00    0.99999999863E+00    0.56009130987E+01    0.10000000108E+01
    0.49600000000E+02    0.99999998920E+00    0.99999999863E+00    0.56009130987E+01    0.10000000108E+01
    0.49700000000E+02    0.99999998920E+00    0.99999999863E+00    0.56009130987E+01    0.10000000108E+01
    0.49800000000E+02    0.99999998920E+00    0.99999999863E+00    0.56009130987E+01    0.10000000108E+01
    0.49900000000E+02    0.99999998920E+00    0.99999999863E+00    0.56009130987E+01    0.10000000108E+01
    0.50000000000E+02    0.99999998920E+00    0.99999999863E+00    0.56009130987E+01    0.10000000108E+01
