    0.00000000000E+00    0.21306666667E+00    0.00000000000E+00    0.00000000000E+00    0.46933667084E+01
    0.10000000000E+00    0.21338760667E+00    0.77399563123E-02    0.19363424767E-03    0.46863077740E+01
    0.20000000000E+00    0.21372235142E+00    0.15489056663E-01    0.77556582586E-03    0.46789677981E+01
    0.30000000000E+00    0.21407108770E+00    0.23247666233E-01    0.17474336347E-02    0.46713454429E+01
    0.40000000000E+00    0.21443401116E+00    0.31016139874E-01    0.31110034791E-02    0.46634393238E+01
    0.50000000000E+00    0.21481132646E+00    0.38794822136E-01    0.48681673376E-02    0.46552480098E+01
    0.60000000000E+00    0.21520324753E+00    0.46584047281E-01    0.70209427098E-02    0.46467700255E+01
    0.70000000000E+00    0.21560999776E+00    0.54384139289E-01    0.95714720386E-02    0.46380038513E+01
    0.80000000000E+00    0.21603181029E+00    0.62195411851E-01    0.12522022204E-01    0.46289479252E+01
    0.90000000000E+00    0.21646892821E+00    0.70018168349E-01    0.15874984087E-01    0.46196006432E+01
    0.10000000000E+01    0.21692160490E+00    0.77852701825E-01    0.19632872194E-01    0.46099603609E+01
    0.11000000000E+01    0.21739010424E+00    0.85699294943E-01    0.23798324352E-01    0.46000253945E+01
    0.12000000000E+01    0.21787470098E+00    0.93558219933E-01    0.28374101459E-01    0.45897940215E+01
    0.13000000000E+01    0.21837568104E+00    0.10142973853E+00    0.33363087284E-01    0.45792644823E+01
    0.14000000000E+01    0.21889334185E+00    0.10931410188E+00    0.38768288337E-01    0.45684349809E+01
    0.15000000000E+01    0.21942799270E+00    0.11721155050E+00    0.44592833774E-01    0.45573036863E+01
    0.16000000000E+01    0.21997995513E+00    0.12512231412E+00    0.50839975356E-01    0.45458687334E+01
    0.17000000000E+01    0.22054956334E+00    0.13304661159E+00    0.57513087458E-01    0.45341282243E+01
    0.18000000000E+01    0.22113716458E+00    0.14098465079E+00    0.64615667109E-01    0.45220802297E+01
    0.19000000000E+01    0.22174311963E+00    0.14893662845E+00    0.72151334078E-01    0.45097227895E+01
    0.20000000000E+01    0.22236780323E+00    0.15690273002E+00    0.80123830996E-01    0.44970539146E+01
    0.21000000000E+01    0.22301160461E+00    0.16488312950E+00    0.88537023504E-01    0.44840715879E+01
    0.22000000000E+01    0.22367492797E+00    0.17287798928E+00    0.97394900435E-01    0.44707737656E+01
    0.23000000000E+01    0.22435819306E+00    0.18088745993E+00    0.10670157402E+00    0.44571583785E+01
    0.24000000000E+01    0.22506183572E+00    0.18891168001E+00    0.11646128013E+00    0.44432233337E+01
    0.25000000000E+01    0.22578630850E+00    0.19695077587E+00    0.12667837848E+00    0.44289665154E+01
    0.26000000000E+01    0.22653208130E+00    0.20500486135E+00    0.13735735294E+00    0.44143857870E+01
    0.27000000000E+01    0.22729964203E+00    0.21307403764E+00    0.14850281178E+00    0.43994789920E+01
    0.28000000000E+01    0.22808949730E+00    0.22115839291E+00    0.16011948794E+00    0.43842439561E+01
    0.29000000000E+01    0.22890217319E+00    0.22925800209E+00    0.17221223930E+00    0.43686784885E+01
    0.30000000000E+01    0.22973821601E+00    0.23737292658E+00    0.18478604899E+00    0.43527803836E+01
    0.31000000000E+01    0.23059819310E+00    0.24550321391E+00    0.19784602560E+00    0.43365474229E+01
    0.32000000000E+01    0.23148269374E+00    0.25364889740E+00    0.21139740346E+00    0.43199773765E+01
    0.33000000000E+01    0.23239233001E+00    0.26180999584E+00    0.22544554285E+00    0.43030680055E+01
    0.34000000000E+01    0.23332773779E+00    0.26998651312E+00    0.23999593020E+00    0.42858170634E+01
    0.35000000000E+01    0.23428957774E+00    0.27817843780E+00    0.25505417827E+00    0.42682222985E+01
    0.36000000000E+01    0.23527853635E+00    0.28638574276E+00    0.27062602622E+00    0.42502814558E+01
    0.37000000000E+01    0.23629532710E+00    0.29460838469E+00    0.28671733975E+00    0.42319922796E+01
    0.38000000000E+01    0.23734069160E+00    0.30284630372E+00    0.30333411104E+00    0.42133525155E+01
    0.39000000000E+01    0.23841540086E+00    0.31109942288E+00    0.32048245874E+00    0.41943599129E+01
    0.40000000000E+01    0.23952025658E+00    0.31936764760E+00    0.33816862783E+00    0.41750122278E+01
    0.41000000000E+01    0.24065609253E+00    0.32765086521E+00    0.35639898937E+00    0.41553072250E+01
    0.42000000000E+01    0.24182377603E+00    0.33594894437E+00    0.37518004018E+00    0.41352426814E+01
    0.43000000000E+01    0.24302420947E+00    0.34426173444E+00    0.39451840244E+00    0.41148163888E+01
    0.44000000000E+01    0.24425833193E+00    0.35258906493E+00    0.41442082306E+00    0.40940261570E+01
    0.45000000000E+01    0.24552712092E+00    0.36093074482E+00    0.43489417303E+00    0.40728698167E+01
    0.46000000000E+01    0.24683159415E+00    0.36928656185E+00    0.45594544650E+00    0.40513452237E+01
    0.47000000000E+01    0.24817281145E+00    0.37765628184E+00    0.47758175979E+00    0.40294502616E+01
    0.48000000000E+01    0.24955187681E+00    0.38603964794E+00    0.49981035010E+00    0.40071828463E+01
    0.49000000000E+01    0.25096994049E+00    0.39443637980E+00    0.52263857409E+00    0.39845409297E+01
    0.50000000000E+01    0.25242820129E+00    0.40284617276E+00    0.54607390617E+00    0.39615225039E+01
    0.51000000000E+01    0.25392790890E+00    0.41126869698E+00    0.57012393655E+00    0.39381256056E+01
    0.52000000000E+01    0.25547036646E+00    0.41970359650E+00    0.59479636899E+00    0.39143483209E+01
    0.53000000000E+01    0.25705693320E+00    0.42815048827E+00    0.62009901822E+00    0.38901887902E+01
    0.54000000000E+01    0.25868902726E+00    0.43660896114E+00    0.64603980707E+00    0.38656452135E+01
    0.55000000000E+01    0.26036812866E+00    0.44507857480E+00    0.67262676309E+00    0.38407158555E+01
    0.56000000000E+01    0.26209578247E+00    0.45355885860E+00    0.69986801490E+00    0.38153990521E+01
    0.57000000000E+01    0.26387360217E+00    0.46204931042E+00    0.72777178796E+00    0.37896932159E+01
    0.58000000000E+01    0.26570327313E+00    0.47054939536E+00    0.75634639986E+00    0.37635968433E+01
    0.59000000000E+01    0.26758655640E+00    0.47905854448E+00    0.78560025508E+00    0.37371085209E+01
    0.60000000000E+01    0.26952529265E+00    0.48757615335E+00    0.81554183913E+00    0.37102269333E+01
    0.61000000000E+01    0.27152140639E+00    0.49610158062E+00    0.84617971195E+00    0.36829508704E+01
    0.62000000000E+01    0.27357691038E+00    0.50463414648E+00    0.87752250068E+00    0.36552792361E+01
    0.63000000000E+01    0.27569391038E+00    0.51317313102E+00    0.90957889156E+00    0.36272110568E+01
    0.64000000000E+01    0.27787461009E+00    0.52171777248E+00    0.94235762094E+00    0.35987454905E+01
    0.65000000000E+01    0.28012131650E+00    0.53026726552E+00    0.97586746534E+00    0.35698818372E+01
    0.66000000000E+01    0.28243644541E+00    0.53882075922E+00    0.10101172305E+01    0.35406195491E+01
    0.67000000000E+01    0.28482252742E+00    0.54737735512E+00    0.10451157390E+01    0.35109582415E+01
    0.68000000000E+01    0.28728221414E+00    0.55593610509E+00    0.10808718173E+01    0.34808977053E+01
    0.69000000000E+01    0.28981828491E+00    0.56449600902E+00    0.11173942802E+01    0.34504379194E+01
    0.70000000000E+01    0.29243365375E+00    0.57305601253E+00    0.11546919152E+01    0.34195790641E+01
    0.71000000000E+01    0.29513137683E+00    0.58161500441E+00    0.11927734638E+01    0.33883215358E+01
    0.72000000000E+01    0.29791466036E+00    0.59017181396E+00    0.12316476021E+01    0.33566659620E+01
    0.73000000000E+01    0.30078686882E+00    0.59872520822E+00    0.12713229187E+01    0.33246132184E+01
    0.74000000000E+01    0.30375153381E+00    0.60727388901E+00    0.13118078904E+01    0.32921644459E+01
    0.75000000000E+01    0.30681236325E+00    0.61581648975E+00    0.13531108559E+01    0.32593210697E+01
    0.76000000000E+01    0.30997325117E+00    0.62435157223E+00    0.13952399866E+01    0.32260848194E+01
    0.77000000000E+01    0.31323828792E+00    0.63287762302E+00    0.14382032541E+01    0.31924577505E+01
    0.78000000000E+01    0.31661177103E+00    0.64139304986E+00    0.14820083953E+01    0.31584422674E+01
    0.79000000000E+01    0.32009821651E+00    0.64989617768E+00    0.15266628730E+01    0.31240411487E+01
    0.80000000000E+01    0.32370237068E+00    0.65838524453E+00    0.15721738337E+01    0.30892575730E+01
    0.81000000000E+01    0.32742922260E+00    0.66685839716E+00    0.16185480603E+01    0.30540951478E+01
    0.82000000000E+01    0.33128401700E+00    0.67531368645E+00    0.16657919201E+01    0.30185579403E+01
    0.83000000000E+01    0.33527226765E+00    0.68374906254E+00    0.17139113088E+01    0.29826505098E+01
    0.84000000000E+01    0.33939977125E+00    0.69216236968E+00    0.17629115871E+01    0.29463779434E+01
    0.85000000000E+01    0.34367262174E+00    0.70055134082E+00    0.18127975132E+01    0.29097458940E+01
    0.86000000000E+01    0.34809722491E+00    0.70891359192E+00    0.18635731663E+01    0.28727606210E+01
    0.87000000000E+01    0.35268031327E+00    0.71724661594E+00    0.19152418648E+01    0.28354290341E+01
    0.88000000000E+01    0.35742896103E+00    0.72554777656E+00    0.19678060745E+01    0.27977587410E+01
    0.89000000000E+01    0.36235059903E+00    0.73381430153E+00    0.20212673095E+01    0.27597580980E+01
    0.90000000000E+01    0.36745302946E+00    0.74204327577E+00    0.20756260218E+01    0.27214362649E+01
    0.91000000000E+01    0.37274443995E+00    0.75023163414E+00    0.21308814818E+01    0.26828032636E+01
    0.92000000000E+01    0.37823341695E+00    0.75837615389E+00    0.21870316456E+01    0.26438700421E+01
    0.93000000000E+01    0.38392895775E+00    0.76647344683E+00    0.22440730105E+01    0.26046485419E+01
    0.94000000000E+01    0.38984048079E+00    0.77451995126E+00    0.23020004564E+01    0.25651517717E+01
    0.95000000000E+01    0.39597783362E+00    0.78251192362E+00    0.23608070722E+01    0.25253938860E+01
    0.96000000000E+01    0.40235129770E+00    0.79044542998E+00    0.24204839659E+01    0.24853902690E+01
    0.97000000000E+01    0.40897158925E+00    0.79831633740E+00    0.24810200565E+01    0.24451576253E+01
    0.98000000000E+01    0.41584985496E+00    0.80612030518E+00    0.25424018481E+01    0.24047140766E+01
    0.99000000000E+01    0.42299766133E+00    0.81385277623E+00    0.26046131826E+01    0.23640792643E+01
    0.10000000000E+02    0.43042697605E+00    0.82150896858E+00    0.26676349712E+01    0.23232744592E+01
    0.10100000000E+02    0.43815013960E+00    0.82908386718E+00    0.27314449035E+01    0.22823226780E+01
    0.10200000000E+02    0.44617982491E+00    0.83657221633E+00    0.27960171321E+01    0.22412488063E+01
    0.10300000000E+02    0.45452898254E+00    0.84396851279E+00    0.28613219324E+01    0.22000797274E+01
    0.10400000000E+02    0.46321076841E+00    0.85126700002E+00    0.29273253380E+01    0.21588444574E+01
    0.10500000000E+02    0.47223845079E+00    0.85846166384E+00    0.29939887498E+01    0.21175742855E+01
    0.10600000000E+02    0.48162529252E+00    0.86554623003E+00    0.30612685208E+01    0.20763029175E+01
    0.10700000000E+02    0.49138440431E+00    0.87251416423E+00    0.31291155179E+01    0.20350666225E+01
    0.10800000000E+02    0.50152856503E+00    0.87935867551E+00    0.31974746688E+01    0.19939043750E+01
    0.10900000000E+02    0.51207002271E+00    0.88607273567E+00    0.32662846165E+01    0.19528579211E+01
    0.11000000000E+02    0.52302027813E+00    0.89264911457E+00    0.33354775031E+01    0.19119717568E+01
    0.11100000000E+02    0.53438976855E+00    0.89908038444E+00    0.34049783921E+01    0.18712933122E+01
    0.11200000000E+02    0.54618742703E+00    0.90535889722E+00    0.34747043111E+01    0.18308733422E+01
    0.11300000000E+02    0.55842013525E+00    0.91147676210E+00    0.35445631590E+01    0.17907663726E+01
    0.11400000000E+02    0.57109209430E+00    0.91742584500E+00    0.36144527049E+01    0.17510310683E+01
    0.11500000000E+02    0.58420414032E+00    0.92319780357E+00    0.36842598644E+01    0.17117304226E+01
    0.11600000000E+02    0.59775303230E+00    0.92878416375E+00    0.37538603783E+01    0.16729317058E+01
    0.11700000000E+02    0.61173073658E+00    0.93417643630E+00    0.38231189510E+01    0.16347061545E+01
    0.11800000000E+02    0.62612372709E+00    0.93936626556E+00    0.38918898367E+01    0.15971284216E+01
    0.11900000000E+02    0.64091210089E+00    0.94434552923E+00    0.39600168380E+01    0.15602763602E+01
    0.12000000000E+02    0.65606847882E+00    0.94910639763E+00    0.40273327623E+01    0.15242311318E+01
    0.12100000000E+02    0.67156000649E+00    0.95364230632E+00    0.40936721152E+01    0.14890702102E+01
    0.12200000000E+02    0.68734484976E+00    0.95794713860E+00    0.41588590397E+01    0.14548737804E+01
    0.12300000000E+02    0.70337284564E+00    0.96201575051E+00    0.42227140034E+01    0.14217210775E+01
    0.12400000000E+02    0.71958534049E+00    0.96584413545E+00    0.42850559510E+01    0.13896892331E+01
    0.12500000000E+02    0.73591531683E+00    0.96942958353E+00    0.43457048224E+01    0.13588519999E+01
    0.12600000000E+02    0.75228786908E+00    0.97277082836E+00    0.44044843993E+01    0.13292783801E+01
    0.12700000000E+02    0.76862107658E+00    0.97586817308E+00    0.44612254258E+01    0.13010311979E+01
    0.12800000000E+02    0.78482730218E+00    0.97872358698E+00    0.45157689109E+01    0.12741656632E+01
    0.12900000000E+02    0.80081491627E+00    0.98134076437E+00    0.45679694996E+01    0.12487279891E+01
    0.13000000000E+02    0.81649041006E+00    0.98372513847E+00    0.46176987703E+01    0.12247541278E+01
    0.13100000000E+02    0.83176082222E+00    0.98588384473E+00    0.46648483039E+01    0.12022686971E+01
    0.13200000000E+02    0.84653636415E+00    0.98782563083E+00    0.47093323574E+01    0.11812841626E+01
    0.13300000000E+02    0.86073309642E+00    0.98956071397E+00    0.47510899912E+01    0.11618003353E+01
    0.13400000000E+02    0.87427548889E+00    0.99110058921E+00    0.47900865123E+01    0.11438042273E+01
    0.13500000000E+02    0.88709869339E+00    0.99245779682E+00    0.48263141386E+01    0.11272702885E+01
    0.13600000000E+02    0.89915037393E+00    0.99364565905E+00    0.48597918336E+01    0.11121610233E+01
    0.13700000000E+02    0.91039197308E+00    0.99467799933E+00    0.48905643136E+01    0.10984279624E+01
    0.13800000000E+02    0.92079934145E+00    0.99556885771E+00    0.49187002851E+01    0.10860129400E+01
    0.13900000000E+02    0.93036271276E+00    0.99633221644E+00    0.49442900177E+01    0.10748496111E+01
    0.14000000000E+02    0.93908606209E+00    0.99698174771E+00    0.49674423942E+01    0.10648651283E+01
    0.14100000000E+02    0.94698593256E+00    0.99753059370E+00    0.49882816051E+01    0.10559818954E+01
    0.14200000000E+02    0.95408985006E+00    0.99799118576E+00    0.50069436607E+01    0.10481193149E+01
    0.14300000000E+02    0.96043446367E+00    0.99837510633E+00    0.50235728872E+01    0.10411954567E+01
    0.14400000000E+02    0.96606355175E+00    0.99869299422E+00    0.50383185556E+01    0.10351285878E+01
    0.14500000000E+02    0.97102602178E+00    0.99895449105E+00    0.50513317637E+01    0.10298385188E+01
    0.14600000000E+02    0.97537401121E+00    0.99916822463E+00    0.50627626582E+01    0.10252477393E+01
    0.14700000000E+02    0.97916116922E+00    0.99934182378E+00    0.50727580559E+01    0.10212823296E+01
    0.14800000000E+02    0.98244117185E+00    0.99948195816E+00    0.50814594869E+01    0.10178726510E+01
    0.14900000000E+02    0.98526649677E+00    0.99959439701E+00    0.50890016620E+01    0.10149538255E+01
    0.15000000000E+02    0.98768746197E+00    0.99968408047E+00    0.50955113433E+01    0.10124660265E+01
    0.15100000000E+02    0.98975151629E+00    0.99975519844E+00    0.51011065837E+01    0.10103546027E+01
    0.15200000000E+02    0.99150275772E+00    0.99981127236E+00    0.51058962912E+01    0.10085700642E+01
    0.15300000000E+02    0.99298164904E+00    0.99985523634E+00    0.51099800707E+01    0.10070679564E+01
    0.15400000000E+02    0.99422489741E+00    0.99988951498E+00    0.51134482931E+01    0.10058086481E+01
    0.15500000000E+02    0.99526546478E+00    0.99991609612E+00    0.51163823451E+01    0.10047570577E+01
    0.15600000000E+02    0.99613267799E+00    0.99993659717E+00    0.51188550173E+01    0.10038823363E+01
    0.15700000000E+02    0.99685241107E+00    0.99995232457E+00    0.51209309903E+01    0.10031575275E+01
    0.15800000000E+02    0.99744731624E+00    0.99996432616E+00    0.51226673871E+01    0.10025592166E+01
    0.15900000000E+02    0.99793708404E+00    0.99997343665E+00    0.51241143640E+01    0.10020671804E+01
    0.16000000000E+02    0.99833871729E+00    0.99998031656E+00    0.51253157160E+01    0.10016640472E+01
    0.16100000000E+02    0.99866680688E+00    0.99998548520E+00    0.51263094816E+01    0.10013349729E+01
    0.16200000000E+02    0.99893380074E+00    0.99998934831E+00    0.51271285298E+01    0.10010673373E+01
    0.16300000000E+02    0.99915025957E+00    0.99999222090E+00    0.51278011228E+01    0.10008504631E+01
    0.16400000000E+02    0.99932509559E+00    0.99999434608E+00    0.51283514443E+01    0.10006753602E+01
    0.16500000000E+02    0.99946579159E+00    0.99999591036E+00    0.51288000916E+01    0.10005344939E+01
    0.16600000000E+02    0.99957859944E+00    0.99999705595E+00    0.51291645264E+01    0.10004215782E+01
    0.16700000000E+02    0.99966871781E+00    0.99999789069E+00    0.51294594858E+01    0.10003313920E+01
    0.16800000000E+02    0.99974044959E+00    0.99999849588E+00    0.51296973518E+01    0.10002596178E+01
    0.16900000000E+02    0.99979734024E+00    0.99999893243E+00    0.51298884826E+01    0.10002027008E+01
    0.17000000000E+02    0.99984229818E+00    0.99999924576E+00    0.51300415055E+01    0.10001577267E+01
    0.17100000000E+02    0.99987769896E+00    0.99999946952E+00    0.51301635757E+01    0.10001223160E+01
    0.17200000000E+02    0.99990547457E+00    0.99999962852E+00    0.51302606018E+01    0.10000945344E+01
    0.17300000000E+02    0.99992718967E+00    0.99999974094E+00    0.51303374427E+01    0.10000728156E+01
    0.17400000000E+02    0.99994410615E+00    0.99999982002E+00    0.51303980773E+01    0.10000558970E+01
    0.17500000000E+02    0.99995723751E+00    0.99999987538E+00    0.51304457502E+01    0.10000427643E+01
    0.17600000000E+02    0.99996739445E+00    0.99999991394E+00    0.51304830961E+01    0.10000326066E+01
    0.17700000000E+02    0.99997522280E+00    0.99999994066E+00    0.51305122460E+01    0.10000247778E+01
    0.17800000000E+02    0.99998123500E+00    0.99999995908E+00    0.51305349158E+01    0.10000187654E+01
    0.17900000000E+02    0.99998583601E+00    0.99999997172E+00    0.51305524820E+01    0.10000141642E+01
    0.18000000000E+02    0.99998934457E+00    0.99999998035E+00    0.51305660441E+01    0.10000106555E+01
    0.18100000000E+02    0.99999201059E+00    0.99999998622E+00    0.51305764766E+01    0.10000079895E+01
    0.18200000000E+02    0.99999402922E+00    0.99999999018E+00    0.51305844725E+01    0.10000059708E+01
    0.18300000000E+02    0.99999555224E+00    0.99999999284E+00    0.51305905786E+01    0.10000044478E+01
    0.18400000000E+02    0.99999669726E+00    0.99999999463E+00    0.51305952246E+01    0.10000033028E+01
    0.18500000000E+02    0.99999755505E+00    0.99999999581E+00    0.51305987466E+01    0.10000024450E+01
    0.18600000000E+02    0.99999819538E+00    0.99999999660E+00    0.51306014069E+01    0.10000018046E+01
    0.18700000000E+02    0.99999867169E+00    0.99999999712E+00    0.51306034090E+01    0.10000013283E+01
    0.18800000000E+02    0.99999902474E+00    0.99999999746E+00    0.51306049102E+01    0.10000009753E+01
    0.18900000000E+02    0.99999928550E+00    0.99999999768E+00    0.51306060318E+01    0.10000007145E+01
    0.19000000000E+02    0.99999947741E+00    0.99999999783E+00    0.51306068667E+01    0.10000005226E+01
    0.19100000000E+02    0.99999961815E+00    0.99999999792E+00    0.51306074858E+01    0.10000003818E+01
    0.19200000000E+02    0.99999972100E+00    0.99999999798E+00    0.51306079434E+01    0.10000002790E+01
    0.19300000000E+02    0.99999979590E+00    0.99999999802E+00    0.51306082802E+01    0.10000002041E+01
    0.19400000000E+02    0.99999985024E+00    0.99999999804E+00    0.51306085274E+01    0.10000001498E+01
    0.19500000000E+02    0.99999988953E+00    0.99999999806E+00    0.51306087080E+01    0.10000001105E+01
    0.19600000000E+02    0.99999991784E+00    0.99999999807E+00    0.51306088395E+01    0.10000000822E+01
    0.19700000000E+02    0.99999993817E+00    0.99999999807E+00    0.51306089350E+01    0.10000000618E+01
    0.19800000000E+02    0.99999995270E+00    0.99999999808E+00    0.51306090039E+01    0.10000000473E+01
    0.19900000000E+02    0.99999996307E+00    0.99999999808E+00    0.51306090536E+01    0.10000000369E+01
    0.20000000000E+02    0.99999997043E+00    0.99999999808E+00    0.51306090893E+01    0.10000000296E+01
    0.20100000000E+02    0.99999997564E+00    0.99999999808E+00    0.51306091148E+01    0.10000000244E+01
    0.20200000000E+02    0.99999997932E+00    0.99999999808E+00    0.51306091330E+01    0.10000000207E+01
    0.20300000000E+02    0.99999998190E+00    0.99999999808E+00    0.51306091459E+01    0.10000000181E+01
    0.20400000000E+02    0.99999998371E+00    0.99999999808E+00    0.51306091550E+01    0.10000000163E+01
    0.20500000000E+02    0.99999998497E+00    0.99999999808E+00    0.51306091614E+01    0.10000000150E+01
    0.20600000000E+02    0.99999998585E+00    0.99999999808E+00    0.51306091660E+01    0.10000000142E+01
    0.20700000000E+02    0.99999998646E+00    0.99999999808E+00    0.51306091691E+01    0.10000000135E+01
    0.20800000000E+02    0.99999998688E+00    0.99999999808E+00    0.51306091713E+01    0.10000000131E+01
    0.20900000000E+02    0.99999998717E+00    0.99999999808E+00    0.51306091729E+01    0.10000000128E+01
    0.21000000000E+02    0.99999998736E+00    0.99999999808E+00    0.51306091739E+01    0.10000000126E+01
    0.21100000000E+02    0.99999998750E+00    0.99999999808E+00    0.51306091746E+01    0.10000000125E+01
    0.21200000000E+02    0.99999998759E+00    0.99999999808E+00    0.51306091751E+01    0.10000000124E+01
    0.21300000000E+02    0.99999998765E+00    0.99999999808E+00    0.51306091755E+01    0.10000000123E+01
    0.21400000000E+02    0.99999998770E+00    0.99999999808E+00    0.51306091757E+01    0.10000000123E+01
    0.21500000000E+02    0.99999998773E+00    0.99999999808E+00    0.51306091759E+01    0.10000000123E+01
    0.21600000000E+02    0.99999998774E+00    0.99999999808E+00    0.51306091760E+01    0.10000000123E+01
    0.21700000000E+02    0.99999998776E+00    0.99999999808E+00    0.51306091761E+01    0.10000000122E+01
    0.21800000000E+02    0.99999998777E+00    0.99999999808E+00    0.51306091761E+01    0.10000000122E+01
    0.21900000000E+02    0.99999998777E+00    0.99999999808E+00    0.51306091761E+01    0.10000000122E+01
    0.22000000000E+02    0.99999998778E+00    0.99999999808E+00    0.51306091762E+01    0.10000000122E+01
    0.22100000000E+02    0.99999998778E+00    0.99999999808E+00    0.51306091762E+01    0.10000000122E+01
    0.22200000000E+02    0.99999998778E+00    0.99999999808E+00    0.51306091762E+01    0.10000000122E+01
    0.22300000000E+02    0.99999998778E+00    0.99999999808E+00    0.51306091762E+01    0.10000000122E+01
    0.22400000000E+02    0.99999998778E+00    0.99999999808E+00    0.51306091762E+01    0.10000000122E+01
    0.22500000000E+02    0.99999998778E+00    0.99999999808E+00    0.51306091762E+01    0.10000000122E+01
    0.22600000000E+02    0.99999998778E+00    0.99999999808E+00    0.51306091762E+01    0.10000000122E+01
    0.22700000000E+02    0.99999998778E+00    0.99999999808E+00    0.51306091762E+01    0.10000000122E+01
    0.22800000000E+02    0.99999998778E+00    0.99999999808E+00    0.51306091762E+01    0.10000000122E+01
    0.22900000000E+02    0.99999998778E+00    0.99999999808E+00    0.51306091762E+01    0.10000000122E+01
    0.23000000000E+02    0.99999998778E+00    0.99999999808E+00    0.51306091762E+01    0.10000000122E+01
    0.23100000000E+02    0.99999998778E+00    0.99999999808E+00    0.51306091762E+01    0.10000000122E+01
    0.23200000000E+02    0.99999998778E+00    0.99999999808E+00    0.51306091762E+01    0.10000000122E+01
    0.23300000000E+02    0.99999998778E+00    0.99999999808E+00    0.51306091762E+01    0.10000000122E+01
    0.23400000000E+02    0.99999998778E+00    0.99999999808E+00    0.51306091762E+01    0.10000000122E+01
    0.23500000000E+02    0.99999998778E+00    0.99999999808E+00    0.51306091762E+01    0.10000000122E+01
    0.23600000000E+02    0.99999998778E+00    0.99999999808E+00    0.51306091762E+01    0.10000000122E+01
    0.23700000000E+02    0.99999998778E+00    0.99999999808E+00    0.51306091762E+01    0.10000000122E+01
    0.23800000000E+02    0.99999998778E+00    0.99999999808E+00    0.51306091762E+01    0.10000000122E+01
    0.23900000000E+02    0.99999998778E+00    0.99999999808E+00    0.51306091762E+01    0.10000000122E+01
    0.24000000000E+02    0.99999998778E+00    0.99999999808E+00    0.51306091762E+01    0.10000000122E+01
    0.24100000000E+02    0.99999998778E+00    0.99999999808E+00    0.51306091762E+01    0.10000000122E+01
    0.24200000000E+02    0.99999998778E+00    0.99999999808E+00    0.51306091762E+01    0.10000000122E+01
    0.24300000000E+02    0.99999998778E+00    0.99999999808E+00    0.51306091762E+01    0.10000000122E+01
    0.24400000000E+02    0.99999998778E+00    0.99999999808E+00    0.51306091762E+01    0.10000000122E+01
    0.24500000000E+02    0.99999998778E+00    0.99999999808E+00    0.51306091762E+01    0.10000000122E+01
    0.24600000000E+02    0.99999998778E+00    0.99999999808E+00    0.51306091762E+01    0.10000000122E+01
    0.24700000000E+02    0.99999998778E+00    0.99999999808E+00    0.51306091762E+01    0.10000000122E+01
    0.24800000000E+02    0.99999998778E+00    0.99999999808E+00    0.51306091762E+01    0.10000000122E+01
    0.24900000000E+02    0.99999998778E+00    0.99999999808E+00    0.51306091762E+01    0.10000000122E+01
    0.25000000000E+02    0.99999998778E+00    0.99999999808E+00    0.51306091762E+01    0.10000000122E+01
    0.25100000000E+02    0.99999998778E+00    0.99999999808E+00    0.51306091762E+01    0.10000000122E+01
    0.25200000000E+02    0.99999998778E+00    0.99999999808E+00    0.51306091762E+01    0.10000000122E+01
    0.25300000000E+02    0.99999998778E+00    0.99999999808E+00    0.51306091762E+01    0.10000000122E+01
    0.25400000000E+02    0.99999998778E+00    0.99999999808E+00    0.51306091762E+01    0.10000000122E+01
    0.25500000000E+02    0.99999998778E+00    0.99999999808E+00    0.51306091762E+01    0.10000000122E+01
    0.25600000000E+02    0.99999998778E+00    0.99999999808E+00    0.51306091762E+01    0.10000000122E+01
    0.25700000000E+02    0.99999998778E+00    0.99999999808E+00    0.51306091762E+01    0.10000000122E+01
    0.25800000000E+02    0.99999998778E+00    0.99999999808E+00    0.51306091762E+01    0.10000000122E+01
    0.25900000000E+02    0.99999998778E+00    0.99999999808E+00    0.51306091762E+01    0.10000000122E+01
    0.26000000000E+02    0.99999998778E+00    0.99999999808E+00    0.51306091762E+01    0.10000000122E+01
    0.26100000000E+02    0.99999998778E+00    0.99999999808E+00    0.51306091762E+01    0.10000000122E+01
    0.26200000000E+02    0.99999998778E+00    0.99999999808E+00    0.51306091762E+01    0.10000000122E+01
    0.26300000000E+02    0.99999998778E+00    0.99999999808E+00    0.51306091762E+01    0.10000000122E+01
    0.26400000000E+02    0.99999998778E+00    0.99999999808E+00    0.51306091762E+01    0.10000000122E+01
    0.26500000000E+02    0.99999998778E+00    0.99999999808E+00    0.51306091762E+01    0.10000000122E+01
    0.26600000000E+02    0.99999998778E+00    0.99999999808E+00    0.51306091762E+01    0.10000000122E+01
    0.26700000000E+02    0.99999998778E+00    0.99999999808E+00    0.51306091762E+01    0.10000000122E+01
    0.26800000000E+02    0.99999998778E+00    0.99999999808E+00    0.51306091762E+01    0.10000000122E+01
    0.26900000000E+02    0.99999998778E+00    0.99999999808E+00    0.51306091762E+01    0.10000000122E+01
    0.27000000000E+02    0.99999998778E+00    0.99999999808E+00    0.51306091762E+01    0.10000000122E+01
    0.27100000000E+02    0.99999998778E+00    0.99999999808E+00    0.51306091762E+01    0.10000000122E+01
    0.27200000000E+02    0.99999998778E+00    0.99999999808E+00    0.51306091762E+01    0.10000000122E+01
    0.27300000000E+02    0.99999998778E+00    0.99999999808E+00    0.51306091762E+01    0.10000000122E+01
    0.27400000000E+02    0.99999998778E+00    0.99999999808E+00    0.51306091762E+01    0.10000000122E+01
    0.27500000000E+02    0.99999998778E+00    0.99999999808E+00    0.51306091762E+01    0.10000000122E+01
    0.27600000000E+02    0.99999998778E+00    0.99999999808E+00    0.51306091762E+01    0.10000000122E+01
    0.27700000000E+02    0.99999998778E+00    0.99999999808E+00    0.51306091762E+01    0.10000000122E+01
    0.27800000000E+02    0.99999998778E+00    0.99999999808E+00    0.51306091762E+01    0.10000000122E+01
    0.27900000000E+02    0.99999998778E+00    0.99999999808E+00    0.51306091762E+01    0.10000000122E+01
    0.28000000000E+02    0.99999998778E+00    0.99999999808E+00    0.51306091762E+01    0.10000000122E+01
    0.28100000000E+02    0.99999998778E+00    0.99999999808E+00    0.51306091762E+01    0.10000000122E+01
    0.28200000000E+02    0.99999998778E+00    0.99999999808E+00    0.51306091762E+01    0.10000000122E+01
    0.28300000000E+02    0.99999998778E+00    0.99999999808E+00    0.51306091762E+01    0.10000000122E+01
    0.28400000000E+02    0.99999998778E+00    0.99999999808E+00    0.51306091762E+01    0.10000000122E+01
    0.28500000000E+02    0.99999998778E+00    0.99999999808E+00    0.51306091762E+01    0.10000000122E+01
    0.28600000000E+02    0.99999998778E+00    0.99999999808E+00    0.51306091762E+01    0.10000000122E+01
    0.28700000000E+02    0.99999998778E+00    0.99999999808E+00    0.51306091762E+01    0.10000000122E+01
    0.28800000000E+02    0.99999998778E+00    0.99999999808E+00    0.51306091762E+01    0.10000000122E+01
    0.28900000000E+02    0.99999998778E+00    0.99999999808E+00    0.51306091762E+01    0.10000000122E+01
    0.29000000000E+02    0.99999998778E+00    0.99999999808E+00    0.51306091762E+01    0.10000000122E+01
    0.29100000000E+02    0.99999998778E+00    0.99999999808E+00    0.51306091762E+01    0.10000000122E+01
    0.29200000000E+02    0.99999998778E+00    0.99999999808E+00    0.51306091762E+01    0.10000000122E+01
    0.29300000000E+02    0.99999998778E+00    0.99999999808E+00    0.51306091762E+01    0.10000000122E+01
    0.29400000000E+02    0.99999998778E+00    0.99999999808E+00    0.51306091762E+01    0.10000000122E+01
    0.29500000000E+02    0.99999998778E+00    0.99999999808E+00    0.51306091762E+01    0.10000000122E+01
    0.29600000000E+02    0.99999998778E+00    0.99999999808E+00    0.51306091762E+01    0.10000000122E+01
    0.29700000000E+02    0.99999998778E+00    0.99999999808E+00    0.51306091762E+01    0.10000000122E+01
    0.29800000000E+02    0.99999998778E+00    0.99999999808E+00    0.51306091762E+01    0.10000000122E+01
    0.29900000000E+02    0.99999998778E+00    0.99999999808E+00    0.51306091762E+01    0.10000000122E+01
    0.30000000000E+02    0.99999998778E+00    0.99999999808E+00    0.51306091762E+01    0.10000000122E+01
    0.30100000000E+02    0.99999998778E+00    0.99999999808E+00    0.51306091762E+01    0.10000000122E+01
    0.30200000000E+02    0.99999998778E+00    0.99999999808E+00    0.51306091762E+01    0.10000000122E+01
    0.30300000000E+02    0.99999998778E+00    0.99999999808E+00    0.51306091762E+01    0.10000000122E+01
    0.30400000000E+02    0.99999998778E+00    0.99999999808E+00    0.51306091762E+01    0.10000000122E+01
    0.30500000000E+02    0.99999998778E+00    0.99999999808E+00    0.51306091762E+01    0.10000000122E+01
    0.30600000000E+02    0.99999998778E+00    0.99999999808E+00    0.51306091762E+01    0.10000000122E+01
    0.30700000000E+02    0.99999998778E+00    0.99999999808E+00    0.51306091762E+01    0.10000000122E+01
    0.30800000000E+02    0.99999998778E+00    0.99999999808E+00    0.51306091762E+01    0.10000000122E+01
    0.30900000000E+02    0.99999998778E+00    0.99999999808E+00    0.51306091762E+01    0.10000000122E+01
    0.31000000000E+02    0.99999998778E+00    0.99999999808E+00    0.51306091762E+01    0.10000000122E+01
    0.31100000000E+02    0.99999998778E+00    0.99999999808E+00    0.51306091762E+01    0.10000000122E+01
    0.31200000000E+02    0.99999998778E+00    0.99999999808E+00    0.51306091762E+01    0.10000000122E+01
    0.31300000000E+02    0.99999998778E+00    0.99999999808E+00    0.51306091762E+01    0.10000000122E+01
    0.31400000000E+02    0.99999998778E+00    0.99999999808E+00    0.51306091762E+01    0.10000000122E+01
    0.31500000000E+02    0.99999998778E+00    0.99999999808E+00    0.51306091762E+01    0.10000000122E+01
    0.31600000000E+02    0.99999998778E+00    0.99999999808E+00    0.51306091762E+01    0.10000000122E+01
    0.31700000000E+02    0.99999998778E+00    0.99999999808E+00    0.51306091762E+01    0.10000000122E+01
    0.31800000000E+02    0.99999998778E+00    0.99999999808E+00    0.51306091762E+01    0.10000000122E+01
    0.31900000000E+02    0.99999998778E+00    0.99999999808E+00    0.51306091762E+01    0.10000000122E+01
    0.32000000000E+02    0.99999998778E+00    0.99999999808E+00    0.51306091762E+01    0.10000000122E+01
    0.32100000000E+02    0.99999998778E+00    0.99999999808E+00    0.51306091762E+01    0.10000000122E+01
    0.32200000000E+02    0.99999998778E+00    0.99999999808E+00    0.51306091762E+01    0.10000000122E+01
    0.32300000000E+02    0.99999998778E+00    0.99999999808E+00    0.51306091762E+01    0.10000000122E+01
    0.32400000000E+02    0.99999998778E+00    0.99999999808E+00    0.51306091762E+01    0.10000000122E+01
    0.32500000000E+02    0.99999998778E+00    0.99999999808E+00    0.51306091762E+01    0.10000000122E+01
    0.32600000000E+02    0.99999998778E+00    0.99999999808E+00    0.51306091762E+01    0.10000000122E+01
    0.32700000000E+02    0.99999998778E+00    0.99999999808E+00    0.51306091762E+01    0.10000000122E+01
    0.32800000000E+02    0.99999998778E+00    0.99999999808E+00    0.51306091762E+01    0.10000000122E+01
    0.32900000000E+02    0.99999998778E+00    0.99999999808E+00    0.51306091762E+01    0.10000000122E+01
    0.33000000000E+02    0.99999998778E+00    0.99999999808E+00    0.51306091762E+01    0.10000000122E+01
    0.33100000000E+02    0.99999998778E+00    0.99999999808E+00    0.51306091762E+01    0.10000000122E+01
    0.33200000000E+02    0.99999998778E+00    0.99999999808E+00    0.51306091762E+01    0.10000000122E+01
    0.33300000000E+02    0.99999998778E+00    0.99999999808E+00    0.51306091762E+01    0.10000000122E+01
    0.33400000000E+02    0.99999998778E+00    0.99999999808E+00    0.51306091762E+01    0.10000000122E+01
    0.33500000000E+02    0.99999998778E+00    0.99999999808E+00    0.51306091762E+01    0.10000000122E+01
    0.33600000000E+02    0.99999998778E+00    0.99999999808E+00    0.51306091762E+01    0.10000000122E+01
    0.33700000000E+02    0.99999998778E+00    0.99999999808E+00    0.51306091762E+01    0.10000000122E+01
    0.33800000000E+02    0.99999998778E+00    0.99999999808E+00    0.51306091762E+01    0.10000000122E+01
    0.33900000000E+02    0.99999998778E+00    0.99999999808E+00    0.51306091762E+01    0.10000000122E+01
    0.34000000000E+02    0.99999998778E+00    0.99999999808E+00    0.51306091762E+01    0.10000000122E+01
    0.34100000000E+02    0.99999998778E+00    0.99999999808E+00    0.51306091762E+01    0.10000000122E+01
    0.34200000000E+02    0.99999998778E+00    0.99999999808E+00    0.51306091762E+01    0.10000000122E+01
    0.34300000000E+02    0.99999998778E+00    0.99999999808E+00    0.51306091762E+01    0.10000000122E+01
    0.34400000000E+02    0.99999998778E+00    0.99999999808E+00    0.51306091762E+01    0.10000000122E+01
    0.34500000000E+02    0.99999998778E+00    0.99999999808E+00    0.51306091762E+01    0.10000000122E+01
    0.34600000000E+02    0.99999998778E+00    0.99999999808E+00    0.51306091762E+01    0.10000000122E+01
    0.34700000000E+02    0.99999998778E+00    0.99999999808E+00    0.51306091762E+01    0.10000000122E+01
    0.34800000000E+02    0.99999998778E+00    0.99999999808E+00    0.51306091762E+01    0.10000000122E+01
    0.34900000000E+02    0.99999998778E+00    0.99999999808E+00    0.51306091762E+01    0.10000000122E+01
    0.35000000000E+02    0.99999998778E+00    0.99999999808E+00    0.51306091762E+01    0.10000000122E+01
    0.35100000000E+02    0.99999998778E+00    0.99999999808E+00    0.51306091762E+01    0.10000000122E+01
    0.35200000000E+02    0.99999998778E+00    0.99999999808E+00    0.51306091762E+01    0.10000000122E+01
    0.35300000000E+02    0.99999998778E+00    0.99999999808E+00    0.51306091762E+01    0.10000000122E+01
    0.35400000000E+02    0.99999998778E+00    0.99999999808E+00    0.51306091762E+01    0.10000000122E+01
    0.35500000000E+02    0.99999998778E+00    0.99999999808E+00    0.51306091762E+01    0.10000000122E+01
    0.35600000000E+02    0.99999998778E+00    0.99999999808E+00    0.51306091762E+01    0.10000000122E+01
    0.35700000000E+02    0.99999998778E+00    0.99999999808E+00    0.51306091762E+01    0.10000000122E+01
    0.35800000000E+02    0.99999998778E+00    0.99999999808E+00    0.51306091762E+01    0.10000000122E+01
    0.35900000000E+02    0.99999998778E+00    0.99999999808E+00    0.51306091762E+01    0.10000000122E+01
    0.36000000000E+02    0.99999998778E+00    0.99999999808E+00    0.51306091762E+01    0.10000000122E+01
    0.36100000000E+02    0.99999998778E+00    0.99999999808E+00    0.51306091762E+01    0.10000000122E+01
    0.36200000000E+02    0.99999998778E+00    0.99999999808E+00    0.51306091762E+01    0.10000000122E+01
    0.36300000000E+02    0.99999998778E+00    0.99999999808E+00    0.51306091762E+01    0.10000000122E+01
    0.36400000000E+02    0.99999998778E+00    0.99999999808E+00    0.51306091762E+01    0.10000000122E+01
    0.36500000000E+02    0.99999998778E+00    0.99999999808E+00    0.51306091762E+01    0.10000000122E+01
    0.36600000000E+02    0.99999998778E+00    0.99999999808E+00    0.51306091762E+01    0.10000000122E+01
    0.36700000000E+02    0.99999998778E+00    0.99999999808E+00    0.51306091762E+01    0.10000000122E+01
    0.36800000000E+02    0.99999998778E+00    0.99999999808E+00    0.51306091762E+01    0.10000000122E+01
    0.36900000000E+02    0.99999998778E+00    0.99999999808E+00    0.51306091762E+01    0.10000000122E+01
    0.37000000000E+02    0.99999998778E+00    0.99999999808E+00    0.51306091762E+01    0.10000000122E+01
    0.37100000000E+02    0.99999998778E+00    0.99999999808E+00    0.51306091762E+01    0.10000000122E+01
    0.37200000000E+02    0.99999998778E+00    0.99999999808E+00    0.51306091762E+01    0.10000000122E+01
    0.37300000000E+02    0.99999998778E+00    0.99999999808E+00    0.51306091762E+01    0.10000000122E+01
    0.37400000000E+02    0.99999998778E+00    0.99999999808E+00    0.51306091762E+01    0.10000000122E+01
    0.37500000000E+02    0.99999998778E+00    0.99999999808E+00    0.51306091762E+01    0.10000000122E+01
    0.37600000000E+02    0.99999998778E+00    0.99999999808E+00    0.51306091762E+01    0.10000000122E+01
    0.37700000000E+02    0.99999998778E+00    0.99999999808E+00    0.51306091762E+01    0.10000000122E+01
    0.37800000000E+02    0.99999998778E+00    0.99999999808E+00    0.51306091762E+01    0.10000000122E+01
    0.37900000000E+02    0.99999998778E+00    0.99999999808E+00    0.51306091762E+01    0.10000000122E+01
    0.38000000000E+02    0.99999998778E+00    0.99999999808E+00    0.51306091762E+01    0.10000000122E+01
    0.38100000000E+02    0.99999998778E+00    0.99999999808E+00    0.51306091762E+01    0.10000000122E+01
    0.38200000000E+02    0.99999998778E+00    0.99999999808E+00    0.51306091762E+01    0.10000000122E+01
    0.38300000000E+02    0.99999998778E+00    0.99999999808E+00    0.51306091762E+01    0.10000000122E+01
    0.38400000000E+02    0.99999998778E+00    0.99999999808E+00    0.51306091762E+01    0.10000000122E+01
    0.38500000000E+02    0.99999998778E+00    0.99999999808E+00    0.51306091762E+01    0.10000000122E+01
    0.38600000000E+02    0.99999998778E+00    0.99999999808E+00    0.51306091762E+01    0.10000000122E+01
    0.38700000000E+02    0.99999998778E+00    0.99999999808E+00    0.51306091762E+01    0.10000000122E+01
    0.38800000000E+02    0.99999998778E+00    0.99999999808E+00    0.51306091762E+01    0.10000000122E+01
    0.38900000000E+02    0.99999998778E+00    0.99999999808E+00    0.51306091762E+01    0.10000000122E+01
    0.39000000000E+02    0.99999998778E+00    0.99999999808E+00    0.51306091762E+01    0.10000000122E+01
    0.39100000000E+02    0.99999998778E+00    0.99999999808E+00    0.51306091762E+01    0.10000000122E+01
    0.39200000000E+02    0.99999998778E+00    0.99999999808E+00    0.51306091762E+01    0.10000000122E+01
    0.39300000000E+02    0.99999998778E+00    0.99999999808E+00    0.51306091762E+01    0.10000000122E+01
    0.39400000000E+02    0.99999998778E+00    0.99999999808E+00    0.51306091762E+01    0.10000000122E+01
    0.39500000000E+02    0.99999998778E+00    0.99999999808E+00    0.51306091762E+01    0.10000000122E+01
    0.39600000000E+02    0.99999998778E+00    0.99999999808E+00    0.51306091762E+01    0.10000000122E+01
    0.39700000000E+02    0.99999998778E+00    0.99999999808E+00    0.51306091762E+01    0.10000000122E+01
    0.39800000000E+02    0.99999998778E+00    0.99999999808E+00    0.51306091762E+01    0.10000000122E+01
    0.39900000000E+02    0.99999998778E+00    0.99999999808E+00    0.51306091762E+01    0.10000000122E+01
    0.40000000000E+02    0.99999998778E+00    0.99999999808E+00    0.51306091762E+01    0.10000000122E+01
    0.40100000000E+02    0.99999998778E+00    0.99999999808E+00    0.51306091762E+01    0.10000000122E+01
    0.40200000000E+02    0.99999998778E+00    0.99999999808E+00    0.51306091762E+01    0.10000000122E+01
    0.40300000000E+02    0.99999998778E+00    0.99999999808E+00    0.51306091762E+01    0.10000000122E+01
    0.40400000000E+02    0.99999998778E+00    0.99999999808E+00    0.51306091762E+01    0.10000000122E+01
    0.40500000000E+02    0.99999998778E+00    0.99999999808E+00    0.51306091762E+01    0.10000000122E+01
    0.40600000000E+02    0.99999998778E+00    0.99999999808E+00    0.51306091762E+01    0.10000000122E+01
    0.40700000000E+02    0.99999998778E+00    0.99999999808E+00    0.51306091762E+01    0.10000000122E+01
    0.40800000000E+02    0.99999998778E+00    0.99999999808E+00    0.51306091762E+01    0.10000000122E+01
    0.40900000000E+02    0.99999998778E+00    0.99999999808E+00    0.51306091762E+01    0.10000000122E+01
    0.41000000000E+02    0.99999998778E+00    0.99999999808E+00    0.51306091762E+01    0.10000000122E+01
    0.41100000000E+02    0.99999998778E+00    0.99999999808E+00    0.51306091762E+01    0.10000000122E+01
    0.41200000000E+02    0.99999998778E+00    0.99999999808E+00    0.51306091762E+01    0.10000000122E+01
    0.41300000000E+02    0.99999998778E+00    0.99999999808E+00    0.51306091762E+01    0.10000000122E+01
    0.41400000000E+02    0.99999998778E+00    0.99999999808E+00    0.51306091762E+01    0.10000000122E+01
    0.41500000000E+02    0.99999998778E+00    0.99999999808E+00    0.51306091762E+01    0.10000000122E+01
    0.41600000000E+02    0.99999998778E+00    0.99999999808E+00    0.51306091762E+01    0.10000000122E+01
    0.41700000000E+02    0.99999998778E+00    0.99999999808E+00    0.51306091762E+01    0.10000000122E+01
    0.41800000000E+02    0.99999998778E+00    0.99999999808E+00    0.51306091762E+01    0.10000000122E+01
    0.41900000000E+02    0.99999998778E+00    0.99999999808E+00    0.51306091762E+01    0.10000000122E+01
    0.42000000000E+02    0.99999998778E+00    0.99999999808E+00    0.51306091762E+01    0.10000000122E+01
    0.42100000000E+02    0.99999998778E+00    0.99999999808E+00    0.51306091762E+01    0.10000000122E+01
    0.42200000000E+02    0.99999998778E+00    0.99999999808E+00    0.51306091762E+01    0.10000000122E+01
    0.42300000000E+02    0.99999998778E+00    0.99999999808E+00    0.51306091762E+01    0.10000000122E+01
    0.42400000000E+02    0.99999998778E+00    0.99999999808E+00    0.51306091762E+01    0.10000000122E+01
    0.42500000000E+02    0.99999998778E+00    0.99999999808E+00    0.51306091762E+01    0.10000000122E+01
    0.42600000000E+02    0.99999998778E+00    0.99999999808E+00    0.51306091762E+01    0.10000000122E+01
    0.42700000000E+02    0.99999998778E+00    0.99999999808E+00    0.51306091762E+01    0.10000000122E+01
    0.42800000000E+02    0.99999998778E+00    0.99999999808E+00    0.51306091762E+01    0.10000000122E+01
    0.42900000000E+02    0.99999998778E+00    0.99999999808E+00    0.51306091762E+01    0.10000000122E+01
    0.43000000000E+02    0.99999998778E+00    0.99999999808E+00    0.51306091762E+01    0.10000000122E+01
    0.43100000000E+02    0.99999998778E+00    0.99999999808E+00    0.51306091762E+01    0.10000000122E+01
    0.43200000000E+02    0.99999998778E+00    0.99999999808E+00    0.51306091762E+01    0.10000000122E+01
    0.43300000000E+02    0.99999998778E+00    0.99999999808E+00    0.51306091762E+01    0.10000000122E+01
    0.43400000000E+02    0.99999998778E+00    0.99999999808E+00    0.51306091762E+01    0.10000000122E+01
    0.43500000000E+02    0.99999998778E+00    0.99999999808E+00    0.51306091762E+01    0.10000000122E+01
    0.43600000000E+02    0.99999998778E+00    0.99999999808E+00    0.51306091762E+01    0.10000000122E+01
    0.43700000000E+02    0.99999998778E+00    0.99999999808E+00    0.51306091762E+01    0.10000000122E+01
    0.43800000000E+02    0.99999998778E+00    0.99999999808E+00    0.51306091762E+01    0.10000000122E+01
    0.43900000000E+02    0.99999998778E+00    0.99999999808E+00    0.51306091762E+01    0.10000000122E+01
    0.44000000000E+02    0.99999998778E+00    0.99999999808E+00    0.51306091762E+01    0.10000000122E+01
    0.44100000000E+02    0.99999998778E+00    0.99999999808E+00    0.51306091762E+01    0.10000000122E+01
    0.44200000000E+02    0.99999998778E+00    0.99999999808E+00    0.51306091762E+01    0.10000000122E+01
    0.44300000000E+02    0.99999998778E+00    0.99999999808E+00    0.51306091762E+01    0.10000000122E+01
    0.44400000000E+02    0.99999998778E+00    0.99999999808E+00    0.51306091762E+01    0.10000000122E+01
    0.44500000000E+02    0.99999998778E+00    0.99999999808E+00    0.51306091762E+01    0.10000000122E+01
    0.44600000000E+02    0.99999998778E+00    0.99999999808E+00    0.51306091762E+01    0.10000000122E+01
    0.44700000000E+02    0.99999998778E+00    0.99999999808E+00    0.51306091762E+01    0.10000000122E+01
    0.44800000000E+02    0.99999998778E+00    0.99999999808E+00    0.51306091762E+01    0.10000000122E+01
    0.44900000000E+02    0.99999998778E+00    0.99999999808E+00    0.51306091762E+01    0.10000000122E+01
    0.45000000000E+02    0.99999998778E+00    0.99999999808E+00    0.51306091762E+01    0.10000000122E+01
    0.45100000000E+02    0.99999998778E+00    0.99999999808E+00    0.51306091762E+01    0.10000000122E+01
    0.45200000000E+02    0.99999998778E+00    0.99999999808E+00    0.51306091762E+01    0.10000000122E+01
    0.45300000000E+02    0.99999998778E+00    0.99999999808E+00    0.51306091762E+01    0.10000000122E+01
    0.45400000000E+02    0.99999998778E+00    0.99999999808E+00    0.51306091762E+01    0.10000000122E+01
    0.45500000000E+02    0.99999998778E+00    0.99999999808E+00    0.51306091762E+01    0.10000000122E+01
    0.45600000000E+02    0.99999998778E+00    0.99999999808E+00    0.51306091762E+01    0.10000000122E+01
    0.45700000000E+02    0.99999998778E+00    0.99999999808E+00    0.51306091762E+01    0.10000000122E+01
    0.45800000000E+02    0.99999998778E+00    0.99999999808E+00    0.51306091762E+01    0.10000000122E+01
    0.45900000000E+02    0.99999998778E+00    0.99999999808E+00    0.51306091762E+01    0.10000000122E+01
    0.46000000000E+02    0.99999998778E+00    0.99999999808E+00    0.51306091762E+01    0.10000000122E+01
    0.46100000000E+02    0.99999998778E+00    0.99999999808E+00    0.51306091762E+01    0.10000000122E+01
    0.46200000000E+02    0.99999998778E+00    0.99999999808E+00    0.51306091762E+01    0.10000000122E+01
    0.46300000000E+02    0.99999998778E+00    0.99999999808E+00    0.51306091762E+01    0.10000000122E+01
    0.46400000000E+02    0.99999998778E+00    0.99999999808E+00    0.51306091762E+01    0.10000000122E+01
    0.46500000000E+02    0.99999998778E+00    0.99999999808E+00    0.51306091762E+01    0.10000000122E+01
    0.46600000000E+02    0.99999998778E+00    0.99999999808E+00    0.51306091762E+01    0.10000000122E+01
    0.46700000000E+02    0.99999998778E+00    0.99999999808E+00    0.51306091762E+01    0.10000000122E+01
    0.46800000000E+02    0.99999998778E+00    0.99999999808E+00    0.51306091762E+01    0.10000000122E+01
    0.46900000000E+02    0.99999998778E+00    0.99999999808E+00    0.51306091762E+01    0.10000000122E+01
    0.47000000000E+02    0.99999998778E+00    0.99999999808E+00    0.51306091762E+01    0.10000000122E+01
    0.47100000000E+02    0.99999998778E+00    0.99999999808E+00    0.51306091762E+01    0.10000000122E+01
    0.47200000000E+02    0.99999998778E+00    0.99999999808E+00    0.51306091762E+01    0.10000000122E+01
    0.47300000000E+02    0.99999998778E+00    0.99999999808E+00    0.51306091762E+01    0.10000000122E+01
    0.47400000000E+02    0.99999998778E+00    0.99999999808E+00    0.51306091762E+01    0.10000000122E+01
    0.47500000000E+02    0.99999998778E+00    0.99999999808E+00    0.51306091762E+01    0.10000000122E+01
    0.47600000000E+02    0.99999998778E+00    0.99999999808E+00    0.51306091762E+01    0.10000000122E+01
    0.47700000000E+02    0.99999998778E+00    0.99999999808E+00    0.51306091762E+01    0.10000000122E+01
    0.47800000000E+02    0.99999998778E+00    0.99999999808E+00    0.51306091762E+01    0.10000000122E+01
    0.47900000000E+02    0.99999998778E+00    0.99999999808E+00    0.51306091762E+01    0.10000000122E+01
    0.48000000000E+02    0.99999998778E+00    0.99999999808E+00    0.51306091762E+01    0.10000000122E+01
    0.48100000000E+02    0.99999998778E+00    0.99999999808E+00    0.51306091762E+01    0.10000000122E+01
    0.48200000000E+02    0.99999998778E+00    0.99999999808E+00    0.51306091762E+01    0.10000000122E+01
    0.48300000000E+02    0.99999998778E+00    0.99999999808E+00    0.51306091762E+01    0.10000000122E+01
    0.48400000000E+02    0.99999998778E+00    0.99999999808E+00    0.51306091762E+01    0.10000000122E+01
    0.48500000000E+02    0.99999998778E+00    0.99999999808E+00    0.51306091762E+01    0.10000000122E+01
    0.48600000000E+02    0.99999998778E+00    0.99999999808E+00    0.51306091762E+01    0.10000000122E+01
    0.48700000000E+02    0.99999998778E+00    0.99999999808E+00    0.51306091762E+01    0.10000000122E+01
    0.48800000000E+02    0.99999998778E+00    0.99999999808E+00    0.51306091762E+01    0.10000000122E+01
    0.48900000000E+02    0.99999998778E+00    0.99999999808E+00    0.51306091762E+01    0.10000000122E+01
    0.49000000000E+02    0.99999998778E+00    0.99999999808E+00    0.51306091762E+01    0.10000000122E+01
    0.49100000000E+02    0.99999998778E+00    0.99999999808E+00    0.51306091762E+01    0.10000000122E+01
    0.49200000000E+02    0.99999998778E+00    0.99999999808E+00    0.51306091762E+01    0.10000000122E+01
    0.49300000000E+02    0.99999998778E+00    0.99999999808E+00    0.51306091762E+01    0.10000000122E+01
    0.49400000000E+02    0.99999998778E+00    0.99999999808E+00    0.51306091762E+01    0.10000000122E+01
    0.49500000000E+02    0.99999998778E+00    0.99999999808E+00    0.51306091762E+01    0.10000000122E+01
    0.49600000000E+02    0.99999998778E+00    0.99999999808E+00    0.51306091762E+01    0.10000000122E+01
    0.49700000000E+02    0.99999998778E+00    0.99999999808E+00    0.51306091762E+01    0.10000000122E+01
    0.49800000000E+02    0.99999998778E+00    0.99999999808E+00    0.51306091762E+01    0.10000000122E+01
    0.49900000000E+02    0.99999998778E+00    0.99999999808E+00    0.51306091762E+01    0.10000000122E+01
    0.50000000000E+02    0.99999998778E+00    0.99999999808E+00    0.51306091762E+01    0.10000000122E+01
